phonopy:
  version: "2.37.1"
  frequency_unit_conversion_factor: 15.633302
  symmetry_tolerance: 1.00000e-05

space_group:
  type: "P-1"
  number: 2
  Hall_symbol: "-P 1"

primitive_matrix:
- [ -0.000000000000000,  1.000000000000000, -0.000000000000000 ]
- [  1.000000000000000,  0.000000000000000,  0.000000000000000 ]
- [ -1.000000000000000, -1.000000000000000, -1.000000000000000 ]

supercell_matrix:
- [   4,   0,   0 ]
- [   0,   4,   0 ]
- [   0,   0,   4 ]

primitive_cell:
  lattice:
  - [    -0.002083866382207,     1.746453752061091,    -2.472702119463356 ] # a
  - [     1.514272329615428,    -0.880217987434136,    -2.472702119463356 ] # b
  - [    -1.523175817087486,    -0.880217987434136,    -2.472702119463356 ] # c
  points:
  - symbol: Li # 1
    coordinates: [  0.905741512775421,  0.800450444221497,  0.779189229011536 ]
    mass: 6.940000
  reciprocal_lattice: # without 2pi
  - [    -0.000000000000000,     0.380709924641049,    -0.135522884469591 ] # a*
  - [     0.329223727188719,    -0.190651749085398,    -0.134933568486983 ] # b*
  - [    -0.329223727188719,    -0.190058175555650,    -0.133959425579182 ] # c*

unit_cell:
  lattice:
  - [     3.037448146702915,     0.000000000000000,     0.000000000000000 ] # a
  - [     1.521091950705278,     2.626671739495227,     0.000000000000000 ] # b
  - [     1.523175817087485,     0.880217987434136,     2.472702119463355 ] # c
  points:
  - symbol: Li # 1
    coordinates: [  0.800450444221497,  0.905741512775421,  0.514618813991547 ]
    mass: 6.940000
    reduced_to: 1

supercell:
  lattice:
  - [    12.149792586811659,     0.000000000000000,     0.000000000000000 ] # a
  - [     6.084367802821114,    10.506686957980907,     0.000000000000000 ] # b
  - [     6.092703268349940,     3.520871949736545,     9.890808477853421 ] # c
  points:
  - symbol: Li # 1
    coordinates: [  0.200112611055374,  0.226435378193855,  0.128654703497887 ]
    mass: 6.940000
    reduced_to: 1
  - symbol: Li # 2
    coordinates: [  0.450112611055374,  0.226435378193855,  0.128654703497887 ]
    mass: 6.940000
    reduced_to: 1
  - symbol: Li # 3
    coordinates: [  0.700112611055374,  0.226435378193855,  0.128654703497887 ]
    mass: 6.940000
    reduced_to: 1
  - symbol: Li # 4
    coordinates: [  0.950112611055374,  0.226435378193855,  0.128654703497887 ]
    mass: 6.940000
    reduced_to: 1
  - symbol: Li # 5
    coordinates: [  0.200112611055374,  0.476435378193855,  0.128654703497887 ]
    mass: 6.940000
    reduced_to: 1
  - symbol: Li # 6
    coordinates: [  0.450112611055374,  0.476435378193855,  0.128654703497887 ]
    mass: 6.940000
    reduced_to: 1
  - symbol: Li # 7
    coordinates: [  0.700112611055374,  0.476435378193855,  0.128654703497887 ]
    mass: 6.940000
    reduced_to: 1
  - symbol: Li # 8
    coordinates: [  0.950112611055374,  0.476435378193855,  0.128654703497887 ]
    mass: 6.940000
    reduced_to: 1
  - symbol: Li # 9
    coordinates: [  0.200112611055374,  0.726435378193855,  0.128654703497887 ]
    mass: 6.940000
    reduced_to: 1
  - symbol: Li # 10
    coordinates: [  0.450112611055374,  0.726435378193855,  0.128654703497887 ]
    mass: 6.940000
    reduced_to: 1
  - symbol: Li # 11
    coordinates: [  0.700112611055374,  0.726435378193855,  0.128654703497887 ]
    mass: 6.940000
    reduced_to: 1
  - symbol: Li # 12
    coordinates: [  0.950112611055374,  0.726435378193855,  0.128654703497887 ]
    mass: 6.940000
    reduced_to: 1
  - symbol: Li # 13
    coordinates: [  0.200112611055374,  0.976435378193855,  0.128654703497887 ]
    mass: 6.940000
    reduced_to: 1
  - symbol: Li # 14
    coordinates: [  0.450112611055374,  0.976435378193855,  0.128654703497887 ]
    mass: 6.940000
    reduced_to: 1
  - symbol: Li # 15
    coordinates: [  0.700112611055374,  0.976435378193855,  0.128654703497887 ]
    mass: 6.940000
    reduced_to: 1
  - symbol: Li # 16
    coordinates: [  0.950112611055374,  0.976435378193855,  0.128654703497887 ]
    mass: 6.940000
    reduced_to: 1
  - symbol: Li # 17
    coordinates: [  0.200112611055374,  0.226435378193855,  0.378654703497887 ]
    mass: 6.940000
    reduced_to: 1
  - symbol: Li # 18
    coordinates: [  0.450112611055374,  0.226435378193855,  0.378654703497887 ]
    mass: 6.940000
    reduced_to: 1
  - symbol: Li # 19
    coordinates: [  0.700112611055374,  0.226435378193855,  0.378654703497887 ]
    mass: 6.940000
    reduced_to: 1
  - symbol: Li # 20
    coordinates: [  0.950112611055374,  0.226435378193855,  0.378654703497887 ]
    mass: 6.940000
    reduced_to: 1
  - symbol: Li # 21
    coordinates: [  0.200112611055374,  0.476435378193855,  0.378654703497887 ]
    mass: 6.940000
    reduced_to: 1
  - symbol: Li # 22
    coordinates: [  0.450112611055374,  0.476435378193855,  0.378654703497887 ]
    mass: 6.940000
    reduced_to: 1
  - symbol: Li # 23
    coordinates: [  0.700112611055374,  0.476435378193855,  0.378654703497887 ]
    mass: 6.940000
    reduced_to: 1
  - symbol: Li # 24
    coordinates: [  0.950112611055374,  0.476435378193855,  0.378654703497887 ]
    mass: 6.940000
    reduced_to: 1
  - symbol: Li # 25
    coordinates: [  0.200112611055374,  0.726435378193855,  0.378654703497887 ]
    mass: 6.940000
    reduced_to: 1
  - symbol: Li # 26
    coordinates: [  0.450112611055374,  0.726435378193855,  0.378654703497887 ]
    mass: 6.940000
    reduced_to: 1
  - symbol: Li # 27
    coordinates: [  0.700112611055374,  0.726435378193855,  0.378654703497887 ]
    mass: 6.940000
    reduced_to: 1
  - symbol: Li # 28
    coordinates: [  0.950112611055374,  0.726435378193855,  0.378654703497887 ]
    mass: 6.940000
    reduced_to: 1
  - symbol: Li # 29
    coordinates: [  0.200112611055374,  0.976435378193855,  0.378654703497887 ]
    mass: 6.940000
    reduced_to: 1
  - symbol: Li # 30
    coordinates: [  0.450112611055374,  0.976435378193855,  0.378654703497887 ]
    mass: 6.940000
    reduced_to: 1
  - symbol: Li # 31
    coordinates: [  0.700112611055374,  0.976435378193855,  0.378654703497887 ]
    mass: 6.940000
    reduced_to: 1
  - symbol: Li # 32
    coordinates: [  0.950112611055374,  0.976435378193855,  0.378654703497887 ]
    mass: 6.940000
    reduced_to: 1
  - symbol: Li # 33
    coordinates: [  0.200112611055374,  0.226435378193855,  0.628654703497887 ]
    mass: 6.940000
    reduced_to: 1
  - symbol: Li # 34
    coordinates: [  0.450112611055374,  0.226435378193855,  0.628654703497887 ]
    mass: 6.940000
    reduced_to: 1
  - symbol: Li # 35
    coordinates: [  0.700112611055374,  0.226435378193855,  0.628654703497887 ]
    mass: 6.940000
    reduced_to: 1
  - symbol: Li # 36
    coordinates: [  0.950112611055374,  0.226435378193855,  0.628654703497887 ]
    mass: 6.940000
    reduced_to: 1
  - symbol: Li # 37
    coordinates: [  0.200112611055374,  0.476435378193855,  0.628654703497887 ]
    mass: 6.940000
    reduced_to: 1
  - symbol: Li # 38
    coordinates: [  0.450112611055374,  0.476435378193855,  0.628654703497887 ]
    mass: 6.940000
    reduced_to: 1
  - symbol: Li # 39
    coordinates: [  0.700112611055374,  0.476435378193855,  0.628654703497887 ]
    mass: 6.940000
    reduced_to: 1
  - symbol: Li # 40
    coordinates: [  0.950112611055374,  0.476435378193855,  0.628654703497887 ]
    mass: 6.940000
    reduced_to: 1
  - symbol: Li # 41
    coordinates: [  0.200112611055374,  0.726435378193855,  0.628654703497887 ]
    mass: 6.940000
    reduced_to: 1
  - symbol: Li # 42
    coordinates: [  0.450112611055374,  0.726435378193855,  0.628654703497887 ]
    mass: 6.940000
    reduced_to: 1
  - symbol: Li # 43
    coordinates: [  0.700112611055374,  0.726435378193855,  0.628654703497887 ]
    mass: 6.940000
    reduced_to: 1
  - symbol: Li # 44
    coordinates: [  0.950112611055374,  0.726435378193855,  0.628654703497887 ]
    mass: 6.940000
    reduced_to: 1
  - symbol: Li # 45
    coordinates: [  0.200112611055374,  0.976435378193855,  0.628654703497887 ]
    mass: 6.940000
    reduced_to: 1
  - symbol: Li # 46
    coordinates: [  0.450112611055374,  0.976435378193855,  0.628654703497887 ]
    mass: 6.940000
    reduced_to: 1
  - symbol: Li # 47
    coordinates: [  0.700112611055374,  0.976435378193855,  0.628654703497887 ]
    mass: 6.940000
    reduced_to: 1
  - symbol: Li # 48
    coordinates: [  0.950112611055374,  0.976435378193855,  0.628654703497887 ]
    mass: 6.940000
    reduced_to: 1
  - symbol: Li # 49
    coordinates: [  0.200112611055374,  0.226435378193855,  0.878654703497887 ]
    mass: 6.940000
    reduced_to: 1
  - symbol: Li # 50
    coordinates: [  0.450112611055374,  0.226435378193855,  0.878654703497887 ]
    mass: 6.940000
    reduced_to: 1
  - symbol: Li # 51
    coordinates: [  0.700112611055374,  0.226435378193855,  0.878654703497887 ]
    mass: 6.940000
    reduced_to: 1
  - symbol: Li # 52
    coordinates: [  0.950112611055374,  0.226435378193855,  0.878654703497887 ]
    mass: 6.940000
    reduced_to: 1
  - symbol: Li # 53
    coordinates: [  0.200112611055374,  0.476435378193855,  0.878654703497887 ]
    mass: 6.940000
    reduced_to: 1
  - symbol: Li # 54
    coordinates: [  0.450112611055374,  0.476435378193855,  0.878654703497887 ]
    mass: 6.940000
    reduced_to: 1
  - symbol: Li # 55
    coordinates: [  0.700112611055374,  0.476435378193855,  0.878654703497887 ]
    mass: 6.940000
    reduced_to: 1
  - symbol: Li # 56
    coordinates: [  0.950112611055374,  0.476435378193855,  0.878654703497887 ]
    mass: 6.940000
    reduced_to: 1
  - symbol: Li # 57
    coordinates: [  0.200112611055374,  0.726435378193855,  0.878654703497887 ]
    mass: 6.940000
    reduced_to: 1
  - symbol: Li # 58
    coordinates: [  0.450112611055374,  0.726435378193855,  0.878654703497887 ]
    mass: 6.940000
    reduced_to: 1
  - symbol: Li # 59
    coordinates: [  0.700112611055374,  0.726435378193855,  0.878654703497887 ]
    mass: 6.940000
    reduced_to: 1
  - symbol: Li # 60
    coordinates: [  0.950112611055374,  0.726435378193855,  0.878654703497887 ]
    mass: 6.940000
    reduced_to: 1
  - symbol: Li # 61
    coordinates: [  0.200112611055374,  0.976435378193855,  0.878654703497887 ]
    mass: 6.940000
    reduced_to: 1
  - symbol: Li # 62
    coordinates: [  0.450112611055374,  0.976435378193855,  0.878654703497887 ]
    mass: 6.940000
    reduced_to: 1
  - symbol: Li # 63
    coordinates: [  0.700112611055374,  0.976435378193855,  0.878654703497887 ]
    mass: 6.940000
    reduced_to: 1
  - symbol: Li # 64
    coordinates: [  0.950112611055374,  0.976435378193855,  0.878654703497887 ]
    mass: 6.940000
    reduced_to: 1

displacements:
- atom:    1
  displacement:
    [   0.0100000000000000,  0.0000000000000000,  0.0000000000000000 ]
  forces:
  - [  -0.0120637863874435,  0.0000332414492732,  0.0000317178637488 ]
  - [   0.0038167994935066, -0.0000009950526874, -0.0000005244291970 ]
  - [   0.0000606168614468, -0.0000007692433428,  0.0000000040308805 ]
  - [   0.0037210560403764, -0.0000005476176739, -0.0000002562301233 ]
  - [   0.0008178027346730,  0.0017280317842960, -0.0000180844217539 ]
  - [  -0.0000323727726936, -0.0000374335795641, -0.0000081053949543 ]
  - [  -0.0000320225954056,  0.0000380310229957,  0.0000080072059063 ]
  - [   0.0008186768973246, -0.0017194980755448,  0.0000187619589269 ]
  - [  -0.0000136885792017,  0.0000436889313278,  0.0000189338825294 ]
  - [   0.0000323578715324, -0.0000009101349860, -0.0000000989966793 ]
  - [  -0.0000133197754622, -0.0000461818708573, -0.0000195861357497 ]
  - [   0.0000316925106745, -0.0000001786538633, -0.0000002492161002 ]
  - [   0.0008209589868784,  0.0017120447009802, -0.0000185386888916 ]
  - [   0.0008167410269380, -0.0017353128641844,  0.0000182934090844 ]
  - [  -0.0000317282974720,  0.0000388110056520,  0.0000086317450041 ]
  - [  -0.0000331327319145, -0.0000365986488760, -0.0000078031735029 ]
  - [   0.0008219726150855,  0.0005639903247356,  0.0016380185261369 ]
  - [  -0.0000325450673699, -0.0000200089998543, -0.0000328812748194 ]
  - [  -0.0000320766121149,  0.0000203726813197,  0.0000331876799464 ]
  - [   0.0008217029972002, -0.0005632331594825, -0.0016382653266191 ]
  - [  -0.0000281364264083, -0.0000229338183999, -0.0000162189826369 ]
  - [   0.0000152779975906,  0.0000001154839993,  0.0000001685693860 ]
  - [  -0.0000285918358713,  0.0000233389437199,  0.0000166827812791 ]
  - [   0.0001407467643730, -0.0000005895271897, -0.0000006044283509 ]
  - [   0.0000070206406235, -0.0000035930424929,  0.0000171344727278 ]
  - [   0.0000075876378105,  0.0000029439106584, -0.0000170338898897 ]
  - [  -0.0000029392140277, -0.0000020214356482,  0.0000051576644182 ]
  - [  -0.0000024111614039,  0.0000021830201149, -0.0000052863615565 ]
  - [  -0.0001577719667694,  0.0000022873282433, -0.0000038174912333 ]
  - [  -0.0004536788910627,  0.0003419290296733, -0.0004844376817346 ]
  - [   0.0000004507601261, -0.0000001206062734, -0.0000005690380931 ]
  - [  -0.0004570460878313, -0.0003428077325225,  0.0004846286028624 ]
  - [  -0.0000133048743010,  0.0000326214358211,  0.0000360384583473 ]
  - [   0.0000324286738760, -0.0000004498288035, -0.0000001341104507 ]
  - [  -0.0000127628445625, -0.0000335294753313, -0.0000370088964701 ]
  - [   0.0000318344464176, -0.0000006482005119,  0.0000001396983862 ]
  - [   0.0000072646107583,  0.0000147083774209, -0.0000091213732958 ]
  - [   0.0000081156467786, -0.0000153146684170,  0.0000083381310105 ]
  - [  -0.0000040543091018,  0.0000038496218622, -0.0000034263357520 ]
  - [  -0.0000030096452974, -0.0000043357722461,  0.0000039013102651 ]
  - [  -0.0000723006596672,  0.0000003874301910,  0.0000003082677722 ]
  - [   0.0000040522427298,  0.0000000409781933,  0.0000002784654498 ]
  - [   0.0000518664346600,  0.0000003892928362,  0.0000002868473530 ]
  - [   0.0000047531284508, -0.0000001769512892,  0.0000004014000297 ]
  - [   0.0000073406845331,  0.0000155097804964, -0.0000079395249486 ]
  - [  -0.0000025359913707, -0.0000037746503949,  0.0000040121376514 ]
  - [  -0.0000041387975216,  0.0000047916546464, -0.0000031422823668 ]
  - [   0.0000087451189756, -0.0000147125683725,  0.0000093188136816 ]
  - [   0.0008240211755037,  0.0005578398704529,  0.0016226791776717 ]
  - [   0.0008204132318497, -0.0005695614963770, -0.0016538281925023 ]
  - [  -0.0000338982790709,  0.0000208821147680,  0.0000332395502483 ]
  - [  -0.0000315019860864, -0.0000201016664505, -0.0000326938607031 ]
  - [  -0.0001572253240738, -0.0000060386955738,  0.0000080467652879 ]
  - [  -0.0004504732787609, -0.0003415530663915,  0.0004825741052628 ]
  - [   0.0000005690380931,  0.0000000501240720,  0.0000000556901796 ]
  - [  -0.0004599476233125,  0.0003434307873249, -0.0004860482004005 ]
  - [   0.0000081202015281, -0.0000025833505788,  0.0000168331753230 ]
  - [  -0.0000030361115932,  0.0000021290034056, -0.0000051840761444 ]
  - [  -0.0000023171305656, -0.0000020451843739,  0.0000051648676163 ]
  - [   0.0000064717605710,  0.0000035706907511, -0.0000173327425728 ]
  - [  -0.0000291857868433, -0.0000232491220231, -0.0000165926903719 ]
  - [   0.0001403782516718, -0.0000024010223569, -0.0000020532461349 ]
  - [  -0.0000295117497444,  0.0000234959152294,  0.0000164257071447 ]
  - [   0.0000166054815054, -0.0000004819848982, -0.0000005129913916 ]
- atom:    1
  displacement:
    [   0.0050113182364278,  0.0086537095822108,  0.0000000000000000 ]
  forces:
  - [  -0.0060162879526615, -0.0105099696666002,  0.0000539263710380 ]
  - [   0.0018946477212012, -0.0001561968965689, -0.0000186290417332 ]
  - [   0.0000300955762214, -0.0000350194459315,  0.0000190239225049 ]
  - [   0.0018821172416210, -0.0001453030854464, -0.0000189168640645 ]
  - [   0.0019226213917136,  0.0033213961869478, -0.0000000959262252 ]
  - [  -0.0000487565994263, -0.0000089798122644, -0.0000081178513938 ]
  - [   0.0000169202685356,  0.0000287259608740,  0.0000000579384505 ]
  - [  -0.0010937999468297,  0.0015724012628198,  0.0000181405848707 ]
  - [   0.0000317245721817,  0.0000537290834473, -0.0000001288499334 ]
  - [   0.0000158119946718, -0.0000482294708490,  0.0000079160963651 ]
  - [  -0.0000458098948002,  0.0000100973702502, -0.0000196696491912 ]
  - [   0.0000154142198880, -0.0000480464805150,  0.0000079328237916 ]
  - [   0.0018749972805381,  0.0032387208193541,  0.0000000094223651 ]
  - [  -0.0010774470865726,  0.0015672119334340,  0.0000187117257155 ]
  - [   0.0000175684690475,  0.0000290405005217,  0.0000004721805453 ]
  - [  -0.0000492883846164, -0.0000085402280092, -0.0000078185548773 ]
  - [   0.0008999509736896,  0.0004314454272389,  0.0016399599844590 ]
  - [  -0.0000337539240718, -0.0000120452605188, -0.0000161677598953 ]
  - [   0.0000017993152142,  0.0000079935416579,  0.0000170543789864 ]
  - [  -0.0000758503156248, -0.0001332564279437, -0.0000026114284992 ]
  - [  -0.0000344604668499, -0.0000181160867214, -0.0000331345945597 ]
  - [   0.0000073569099186,  0.0000140201300383,  0.0000000922009349 ]
  - [   0.0000058291443565,  0.0000045886263251, -0.0000168466940522 ]
  - [   0.0000703077821527, -0.0005638822913170, -0.0004839617758989 ]
  - [   0.0000006688969734, -0.0000393628142774,  0.0000334903597832 ]
  - [   0.0000066461543611, -0.0000364482402802,  0.0000166827812791 ]
  - [  -0.0000030393493944, -0.0000017932616174,  0.0000051837414503 ]
  - [   0.0000011615156836,  0.0000001937150955, -0.0000002313026926 ]
  - [  -0.0000774805812398,  0.0009963489137590, -0.0016513224691153 ]
  - [   0.0000681430101395,  0.0001222766004503, -0.0000017667189240 ]
  - [   0.0000002998858690, -0.0000042095780373, -0.0000056484714150 ]
  - [  -0.0005258384626359, -0.0002220408059657,  0.0004840660840273 ]
  - [   0.0000220350921154, -0.0000286782160401,  0.0000360645353794 ]
  - [   0.0000159330520546, -0.0000015664845705, -0.0000088289380074 ]
  - [  -0.0000351835042238, -0.0000615287572145,  0.0000001918524504 ]
  - [   0.0000154138288053, -0.0000016484409571, -0.0000083297491074 ]
  - [   0.0000166680183611,  0.0000284826382995, -0.0000004237517715 ]
  - [  -0.0000085279534687,  0.0000135442242026,  0.0000083437189460 ]
  - [   0.0000012906857592,  0.0000029797665775,  0.0000001816079021 ]
  - [  -0.0000049590926210, -0.0000011487863958,  0.0000039031729102 ]
  - [  -0.0000366608146578,  0.0000062268227339, -0.0000376887619495 ]
  - [   0.0000021255254978, -0.0000052256509662, -0.0000032335519791 ]
  - [   0.0000253920916293,  0.0000461731106043,  0.0000002477318048 ]
  - [   0.0000028836075217, -0.0000053271651268, -0.0000031748786569 ]
  - [   0.0000165244564414,  0.0000292416661978,  0.0000005746260285 ]
  - [  -0.0000043557956815, -0.0000004791654646,  0.0000041350722313 ]
  - [   0.0000011930242181,  0.0000038710422814,  0.0000005327165127 ]
  - [  -0.0000079078599811,  0.0000141053460538,  0.0000092983245850 ]
  - [   0.0008954470977187,  0.0004366654902697,  0.0016247236635536 ]
  - [  -0.0000814385712147, -0.0001293662935495,  0.0000088933811639 ]
  - [   0.0000005373731256,  0.0000081900507212,  0.0000166104000527 ]
  - [  -0.0000328104943037, -0.0000126156955957, -0.0000162208161782 ]
  - [  -0.0000835911487229,  0.0009966623038054, -0.0016663807909936 ]
  - [  -0.0005210852250457, -0.0002179302973673,  0.0004821444163099 ]
  - [   0.0000002980232239, -0.0000038507932913, -0.0000052421310102 ]
  - [   0.0000663120299578,  0.0001231878995895, -0.0000025694607757 ]
  - [   0.0000016652047634, -0.0000390732457163,  0.0000337352612405 ]
  - [   0.0000004898756742,  0.0000003352761269,  0.0000001316439011 ]
  - [  -0.0000025955960155, -0.0000016130506992,  0.0000052328905440 ]
  - [   0.0000058738514781, -0.0000361762940884,  0.0000166751415236 ]
  - [  -0.0000350791960955, -0.0000184634191100, -0.0000331600094796 ]
  - [   0.0000683143734932, -0.0005697654560208, -0.0004861314082518 ]
  - [   0.0000050216913223,  0.0000042670217226, -0.0000173330772668 ]
  - [   0.0000085290521383,  0.0000137860115501, -0.0000005769979907 ]
- atom:    1
  displacement:
    [   0.0050192791060020,  0.0029005579680901,  0.0081482268457500 ]
  forces:
  - [  -0.0060193729586899, -0.0034760851413012, -0.0099482275545597 ]
  - [   0.0018977769650519, -0.0000700209930073, -0.0001406377996318 ]
  - [   0.0000300992978737,  0.0000056333810790, -0.0000385441526305 ]
  - [   0.0018850713968277, -0.0000666510313749, -0.0001303291937802 ]
  - [   0.0008966474561021,  0.0016885083168745, -0.0001424811780453 ]
  - [  -0.0000336803495884, -0.0000191815197468, -0.0000061661266955 ]
  - [   0.0000016856938601,  0.0000187799087144,  0.0000018062637537 ]
  - [  -0.0000727563819964, -0.0000484604388475, -0.0001216785240103 ]
  - [   0.0000216104090214,  0.0000232323072851, -0.0000387207546737 ]
  - [   0.0000159870833158, -0.0000093359267339,  0.0000017606071196 ]
  - [  -0.0000352393835783, -0.0000212933227886, -0.0000583635992371 ]
  - [   0.0000153515684360, -0.0000083331833594,  0.0000015867481125 ]
  - [   0.0008932752534747,  0.0016761678270996, -0.0001323567848885 ]
  - [  -0.0000788774341345, -0.0000357576136594, -0.0001216945820488 ]
  - [   0.0000025508925319,  0.0000189533457160,  0.0000023121392587 ]
  - [  -0.0000345930457115, -0.0000186394900084, -0.0000061844621086 ]
  - [   0.0019289972260594,  0.0011146822944283,  0.0031318801920861 ]
  - [  -0.0000490332022309, -0.0000104508362710, -0.0000060703605413 ]
  - [   0.0000171102583408,  0.0000097099691629,  0.0000270325690508 ]
  - [  -0.0011021601967514,  0.0005475245416164,  0.0014839470386505 ]
  - [  -0.0000344316031260, -0.0000371709465981, -0.0000061029568315 ]
  - [   0.0000073881228673,  0.0000047106295824,  0.0000133765861392 ]
  - [   0.0000058319419622, -0.0000145407393575,  0.0000102240592241 ]
  - [   0.0000703422410879, -0.0006444975733757, -0.0003683576360345 ]
  - [   0.0000163001895999,  0.0000090524554253,  0.0000271610915661 ]
  - [  -0.0000090382709459,  0.0000125225633383,  0.0000101542100310 ]
  - [   0.0000023918073566,  0.0000012270174921,  0.0000030845403671 ]
  - [  -0.0000043522304622,  0.0000032819807529, -0.0000021913001547 ]
  - [  -0.0000814713857835, -0.0012366422452033,  0.0014957804232836 ]
  - [  -0.0005231956019998,  0.0003823651932180, -0.0003680707886815 ]
  - [   0.0000002495944500, -0.0000064261257648, -0.0000025713816285 ]
  - [   0.0000662709862809,  0.0000385106541216,  0.0001173652708530 ]
  - [   0.0000323131680489,  0.0000181440263987,  0.0000521400943398 ]
  - [   0.0000157689828484, -0.0000088689848781, -0.0000478075817227 ]
  - [  -0.0000461153686047, -0.0000142334029078,  0.0000174548476934 ]
  - [   0.0000154321533046, -0.0000090887770057, -0.0000481242313981 ]
  - [   0.0000007340349839,  0.0000182488001883, -0.0000484148040414 ]
  - [   0.0000072188704507,  0.0000033276155591, -0.0000402322039008 ]
  - [  -0.0000040361628635,  0.0000038868747652, -0.0000035800039768 ]
  - [   0.0000006515074347, -0.0000002770684659,  0.0000004619359970 ]
  - [  -0.0000366540334653, -0.0000334829092026,  0.0000186059623957 ]
  - [   0.0000021562518668, -0.0000050356611609, -0.0000035259872675 ]
  - [   0.0000253380421782,  0.0000157179310918,  0.0000431947410107 ]
  - [   0.0000029429284041, -0.0000052973628044, -0.0000032428652048 ]
  - [   0.0000008633360267,  0.0000192932784557, -0.0000479854643345 ]
  - [   0.0000010002404451,  0.0000006346963346,  0.0000006463378668 ]
  - [  -0.0000041332095861,  0.0000049173831940, -0.0000030137598515 ]
  - [   0.0000080596655607,  0.0000040712766349, -0.0000396352261305 ]
  - [   0.0018800906836987,  0.0010866839438677,  0.0030536241829395 ]
  - [  -0.0010849535465240,  0.0005456991493702,  0.0014781195204705 ]
  - [   0.0000155521556735,  0.0000098980963230,  0.0000266815768555 ]
  - [  -0.0000476473942399, -0.0000106915831566, -0.0000062801409513 ]
  - [  -0.0000743135315133, -0.0012223385274410,  0.0014902815455571 ]
  - [   0.0000682631507516,  0.0000390835775761,  0.0001163021661341 ]
  - [   0.0000004880130291, -0.0000059798039729, -0.0000020763618522 ]
  - [  -0.0005278075113893,  0.0003828629851341, -0.0003725387505256 ]
  - [   0.0000172620639205,  0.0000098405216704,  0.0000269082229352 ]
  - [  -0.0000048018991947,  0.0000033639371395, -0.0000021518644644 ]
  - [   0.0000028489157557,  0.0000012982636690,  0.0000031195449992 ]
  - [  -0.0000100852921605,  0.0000130981206894,  0.0000096669682534 ]
  - [  -0.0000350084155798, -0.0000372144895664, -0.0000066344291554 ]
  - [   0.0000683963298798, -0.0006484035402536, -0.0003733800549526 ]
  - [   0.0000049415975809, -0.0000147977661982,  0.0000096421717899 ]
  - [   0.0000084992498159,  0.0000042349747673,  0.0000130539046950 ]

force_constants:
  format: "full"
  shape: [ 64, 64 ]
  elements:
  - # (1, 1)
    - [     1.206378621822068,    -0.003352601136822,    -0.003179560268069 ]
    - [    -0.003352601136822,     1.216429553162209,    -0.004379194328463 ]
    - [    -0.003179560268069,    -0.004379194328463,     1.224425322013364 ]
  - # (1, 2)
    - [    -0.376892793616434,     0.000058661896843,     0.000031135340999 ]
    - [     0.000058661896843,     0.017375613840813,     0.002150238292325 ]
    - [     0.000031135340999,     0.002150238292325,     0.015839152419417 ]
  - # (1, 3)
    - [    -0.006061703066962,     0.000054761157496,     0.000014004398708 ]
    - [     0.000054761157496,     0.004002216491371,    -0.002180827968631 ]
    - [     0.000014004398708,    -0.002180827968631,     0.005513120029946 ]
  - # (1, 4)
    - [    -0.376892793616434,     0.000058661896843,     0.000031135340999 ]
    - [     0.000058661896843,     0.017375613840813,     0.002150238292325 ]
    - [     0.000031135340999,     0.002150238292325,     0.015839152419417 ]
  - # (1, 5)
    - [    -0.081938102999857,    -0.171987631066100,     0.001843506959019 ]
    - [    -0.171987631066100,    -0.279428436247049,    -0.001049619518558 ]
    - [     0.001843506959019,    -0.001049619518558,     0.016112633241115 ]
  - # (1, 6)
    - [     0.003275258308122,     0.003734950110530,     0.000812964009127 ]
    - [     0.003734950110530,    -0.001131291384843,     0.000451699028733 ]
    - [     0.000812964009127,     0.000451699028733,     0.000104109302314 ]
  - # (1, 7)
    - [     0.003187527721593,    -0.003840316536255,    -0.000844504049526 ]
    - [    -0.003840316536255,    -0.001112721896074,     0.000449219754026 ]
    - [    -0.000844504049526,     0.000449219754026,     0.000099186789726 ]
  - # (1, 8)
    - [    -0.081770913135415,     0.172772764659343,    -0.001845783458846 ]
    - [     0.172772764659343,    -0.281435881651038,    -0.001056125773877 ]
    - [    -0.001845783458846,    -0.001056125773877,     0.016451470921406 ]
  - # (1, 9)
    - [     0.001368840997884,    -0.004413763549730,    -0.001900797449406 ]
    - [    -0.004413763549730,    -0.003678781189315,     0.001130401587317 ]
    - [    -0.001900797449406,     0.001130401587317,     0.005522783038929 ]
  - # (1, 10)
    - [    -0.003202536032632,     0.000052432405758,     0.000024586796604 ]
    - [     0.000052432405758,     0.005531180292756,    -0.000922087368672 ]
    - [     0.000024586796604,    -0.000922087368672,     0.000113460813707 ]
  - # (1, 11)
    - [     0.001331960623929,     0.004570295078437,     0.001926530436346 ]
    - [     0.004570295078437,    -0.003841186199649,     0.001137235501810 ]
    - [     0.001926530436346,     0.001137235501810,     0.005550895899542 ]
  - # (1, 12)
    - [    -0.003202536032632,     0.000052432405758,     0.000024586796604 ]
    - [     0.000052432405758,     0.005531180292756,    -0.000922087368672 ]
    - [     0.000024586796604,    -0.000922087368672,     0.000113460813707 ]
  - # (1, 13)
    - [    -0.081938102999857,    -0.171987631066100,     0.001843506959019 ]
    - [    -0.171987631066100,    -0.279428436247049,    -0.001049619518558 ]
    - [     0.001843506959019,    -0.001049619518558,     0.016112633241115 ]
  - # (1, 14)
    - [    -0.081770913135415,     0.172772764659343,    -0.001845783458846 ]
    - [     0.172772764659343,    -0.281435881651038,    -0.001056125773877 ]
    - [    -0.001845783458846,    -0.001056125773877,     0.016451470921406 ]
  - # (1, 15)
    - [     0.003187527721593,    -0.003840316536255,    -0.000844504049526 ]
    - [    -0.003840316536255,    -0.001112721896074,     0.000449219754026 ]
    - [    -0.000844504049526,     0.000449219754026,     0.000099186789726 ]
  - # (1, 16)
    - [     0.003275258308122,     0.003734950110530,     0.000812964009127 ]
    - [     0.003734950110530,    -0.001131291384843,     0.000451699028733 ]
    - [     0.000812964009127,     0.000451699028733,     0.000104109302314 ]
  - # (1, 17)
    - [    -0.082299706451749,    -0.056083931152191,    -0.163057027505615 ]
    - [    -0.056083931152191,    -0.017676001944119,    -0.094227375123918 ]
    - [    -0.163057027505615,    -0.094227375123918,    -0.245593801803869 ]
  - # (1, 18)
    - [     0.003202335750530,     0.001998572677822,     0.003264889851122 ]
    - [     0.001998572677822,     0.000263491390403,    -0.000029638584844 ]
    - [     0.003264889851122,    -0.000029638584844,    -0.001252081015118 ]
  - # (1, 19)
    - [     0.003298727637002,    -0.002053981731832,    -0.003314793686264 ]
    - [    -0.002053981731832,     0.000259462716767,    -0.000023378508871 ]
    - [    -0.003314793686264,    -0.000023378508871,    -0.001242359010406 ]
  - # (1, 20)
    - [    -0.082105828374779,     0.056637400072156,     0.164614456131945 ]
    - [     0.056637400072156,    -0.017625770551582,    -0.095691933813572 ]
    - [     0.164614456131945,    -0.095691933813572,    -0.249096028231084 ]
  - # (1, 21)
    - [     0.002866093740295,     0.002333690397204,     0.001648328928489 ]
    - [     0.002333690397204,     0.000776308456316,     0.002873002607740 ]
    - [     0.001648328928489,     0.002873002607740,    -0.001254298908620 ]
  - # (1, 22)
    - [    -0.001594190877086,     0.000011852891379,     0.000011210663090 ]
    - [     0.000011852891379,    -0.001617206783292,     0.000016701566250 ]
    - [     0.000011210663090,     0.000016701566250,    -0.001638860264539 ]
  - # (1, 23)
    - [     0.002905162358502,    -0.002325495638110,    -0.001642030771220 ]
    - [    -0.002325495638110,     0.000844431007706,     0.002937809323024 ]
    - [    -0.001642030771220,     0.002937809323024,    -0.001243546073204 ]
  - # (1, 24)
    - [    -0.014056267724527,     0.000140047852173,     0.000115796271499 ]
    - [     0.000140047852173,     0.065414098324688,     0.055966085899695 ]
    - [     0.000115796271499,     0.055966085899695,     0.025508240026771 ]
  - # (1, 25)
    - [    -0.000757059029866,     0.000306215210667,    -0.001699799556932 ]
    - [     0.000306215210667,     0.004353104488466,    -0.002899970059309 ]
    - [    -0.001699799556932,    -0.002899970059309,    -0.001239067296029 ]
  - # (1, 26)
    - [    -0.000702986841361,    -0.000320980208815,     0.001718708051837 ]
    - [    -0.000320980208815,     0.004384786599922,    -0.002927470206560 ]
    - [     0.001718708051837,    -0.002927470206560,    -0.001234431655654 ]
  - # (1, 27)
    - [     0.000262800307382,     0.000188393814800,    -0.000530673133319 ]
    - [     0.000188393814800,     0.000079071915587,    -0.000305716026461 ]
    - [    -0.000530673133319,    -0.000305716026461,     0.000045105603771 ]
  - # (1, 28)
    - [     0.000272346727570,    -0.000234333910197,     0.000503782444816 ]
    - [    -0.000234333910197,     0.000094296679983,    -0.000303041635597 ]
    - [     0.000503782444816,    -0.000303041635597,     0.000049917056498 ]
  - # (1, 29)
    - [     0.015749847619873,     0.000186745064593,    -0.000210031975275 ]
    - [     0.000186745064593,    -0.115262188832779,     0.191810131901959 ]
    - [    -0.000210031975275,     0.191810131901959,    -0.251384745241472 ]
  - # (1, 30)
    - [     0.045681308796475,    -0.034245186094963,     0.048529899009137 ]
    - [    -0.034245186094963,     0.005661805792725,    -0.027856476776781 ]
    - [     0.048529899009137,    -0.027856476776781,     0.025469032263889 ]
  - # (1, 31)
    - [    -0.000051006833246,    -0.000000710671620,     0.000006791617055 ]
    - [    -0.000000710671620,     0.000463684478691,     0.000604157355237 ]
    - [     0.000006791617055,     0.000604157355237,     0.000050709361405 ]
  - # (1, 32)
    - [     0.045375951407323,     0.034215502158406,    -0.048372959608851 ]
    - [     0.034215502158406,     0.005605472335311,    -0.027828194288400 ]
    - [    -0.048372959608851,    -0.027828194288400,     0.025354806412377 ]
  - # (1, 33)
    - [     0.001330470507810,    -0.003289433237403,    -0.003604207467612 ]
    - [    -0.003289433237403,     0.005203077457634,    -0.002075046711831 ]
    - [    -0.003604207467612,    -0.002075046711831,    -0.003438345315726 ]
  - # (1, 34)
    - [    -0.003213172936967,     0.000052257335067,     0.000023381669240 ]
    - [     0.000052257335067,     0.000153968610065,     0.001002390983989 ]
    - [     0.000023381669240,     0.001002390983989,     0.005533891901670 ]
  - # (1, 35)
    - [     0.001276267533967,     0.003339822168712,     0.003695025640115 ]
    - [     0.003339822168712,     0.005168435023178,    -0.002161930199467 ]
    - [     0.003695025640115,    -0.002161930199467,    -0.003651072208027 ]
  - # (1, 36)
    - [    -0.003213172936967,     0.000052257335067,     0.000023381669240 ]
    - [     0.000052257335067,     0.000153968610065,     0.001002390983989 ]
    - [     0.000023381669240,     0.001002390983989,     0.005533891901670 ]
  - # (1, 37)
    - [    -0.000730281686856,    -0.001502880053878,     0.000868501114854 ]
    - [    -0.001502880053878,    -0.002460268185006,    -0.000500001440893 ]
    - [     0.000868501114854,    -0.000500001440893,     0.005568917792668 ]
  - # (1, 38)
    - [    -0.000843055209998,     0.001469636825928,    -0.000906463936490 ]
    - [     0.001469636825928,    -0.002466979195676,    -0.000504427281208 ]
    - [    -0.000906463936490,    -0.000504427281208,     0.005625627811750 ]
  - # (1, 39)
    - [     0.000409638408883,    -0.000406362823983,     0.000356447800166 ]
    - [    -0.000406362823983,    -0.000145617263980,    -0.000226918454533 ]
    - [     0.000356447800166,    -0.000226918454533,     0.000284721214863 ]
  - # (1, 40)
    - [     0.000277264911119,     0.000391611830960,    -0.000401139009488 ]
    - [     0.000391611830960,    -0.000140766675077,    -0.000228522068486 ]
    - [    -0.000401139009488,    -0.000228522068486,     0.000259513511592 ]
  - # (1, 41)
    - [     0.007230049044438,     0.000005431991374,    -0.000001883541910 ]
    - [     0.000005431991374,    -0.000697111855820,     0.004377105357127 ]
    - [    -0.000001883541910,     0.004377105357127,    -0.003821121812956 ]
  - # (1, 42)
    - [    -0.000440285481318,    -0.000013796147504,    -0.000031720351481 ]
    - [    -0.000013796147504,     0.000605798399294,     0.000402042043318 ]
    - [    -0.000031720351481,     0.000402042043318,     0.000297507261406 ]
  - # (1, 43)
    - [    -0.005186660388290,     0.000015229191574,     0.000015969020448 ]
    - [     0.000015229191574,    -0.005313092327566,    -0.000012906889374 ]
    - [     0.000015969020448,    -0.000012906889374,    -0.005279150057771 ]
  - # (1, 44)
    - [    -0.000440285481318,    -0.000013796147504,    -0.000031720351481 ]
    - [    -0.000013796147504,     0.000605798399294,     0.000402042043318 ]
    - [    -0.000031720351481,     0.000402042043318,     0.000297507261406 ]
  - # (1, 45)
    - [    -0.000730281686856,    -0.001502880053878,     0.000868501114854 ]
    - [    -0.001502880053878,    -0.002460268185006,    -0.000500001440893 ]
    - [     0.000868501114854,    -0.000500001440893,     0.005568917792668 ]
  - # (1, 46)
    - [     0.000277264911119,     0.000391611830960,    -0.000401139009488 ]
    - [     0.000391611830960,    -0.000140766675077,    -0.000228522068486 ]
    - [    -0.000401139009488,    -0.000228522068486,     0.000259513511592 ]
  - # (1, 47)
    - [     0.000409638408883,    -0.000406362823983,     0.000356447800166 ]
    - [    -0.000406362823983,    -0.000145617263980,    -0.000226918454533 ]
    - [     0.000356447800166,    -0.000226918454533,     0.000284721214863 ]
  - # (1, 48)
    - [    -0.000843055209998,     0.001469636825928,    -0.000906463936490 ]
    - [     0.001469636825928,    -0.002466979195676,    -0.000504427281208 ]
    - [    -0.000906463936490,    -0.000504427281208,     0.005625627811750 ]
  - # (1, 49)
    - [    -0.082299706451749,    -0.056083931152191,    -0.163057027505615 ]
    - [    -0.056083931152191,    -0.017676001944119,    -0.094227375123918 ]
    - [    -0.163057027505615,    -0.094227375123918,    -0.245593801803869 ]
  - # (1, 50)
    - [    -0.082105828374779,     0.056637400072156,     0.164614456131945 ]
    - [     0.056637400072156,    -0.017625770551582,    -0.095691933813572 ]
    - [     0.164614456131945,    -0.095691933813572,    -0.249096028231084 ]
  - # (1, 51)
    - [     0.003298727637002,    -0.002053981731832,    -0.003314793686264 ]
    - [    -0.002053981731832,     0.000259462716767,    -0.000023378508871 ]
    - [    -0.003314793686264,    -0.000023378508871,    -0.001242359010406 ]
  - # (1, 52)
    - [     0.003202335750530,     0.001998572677822,     0.003264889851122 ]
    - [     0.001998572677822,     0.000263491390403,    -0.000029638584844 ]
    - [     0.003264889851122,    -0.000029638584844,    -0.001252081015118 ]
  - # (1, 53)
    - [     0.015749847619873,     0.000186745064593,    -0.000210031975275 ]
    - [     0.000186745064593,    -0.115262188832779,     0.191810131901959 ]
    - [    -0.000210031975275,     0.191810131901959,    -0.251384745241472 ]
  - # (1, 54)
    - [     0.045375951407323,     0.034215502158406,    -0.048372959608851 ]
    - [     0.034215502158406,     0.005605472335311,    -0.027828194288400 ]
    - [    -0.048372959608851,    -0.027828194288400,     0.025354806412377 ]
  - # (1, 55)
    - [    -0.000051006833246,    -0.000000710671620,     0.000006791617055 ]
    - [    -0.000000710671620,     0.000463684478691,     0.000604157355237 ]
    - [     0.000006791617055,     0.000604157355237,     0.000050709361405 ]
  - # (1, 56)
    - [     0.045681308796475,    -0.034245186094963,     0.048529899009137 ]
    - [    -0.034245186094963,     0.005661805792725,    -0.027856476776781 ]
    - [     0.048529899009137,    -0.027856476776781,     0.025469032263889 ]
  - # (1, 57)
    - [    -0.000757059029866,     0.000306215210667,    -0.001699799556932 ]
    - [     0.000306215210667,     0.004353104488466,    -0.002899970059309 ]
    - [    -0.001699799556932,    -0.002899970059309,    -0.001239067296029 ]
  - # (1, 58)
    - [     0.000272346727570,    -0.000234333910197,     0.000503782444816 ]
    - [    -0.000234333910197,     0.000094296679983,    -0.000303041635597 ]
    - [     0.000503782444816,    -0.000303041635597,     0.000049917056498 ]
  - # (1, 59)
    - [     0.000262800307382,     0.000188393814800,    -0.000530673133319 ]
    - [     0.000188393814800,     0.000079071915587,    -0.000305716026461 ]
    - [    -0.000530673133319,    -0.000305716026461,     0.000045105603771 ]
  - # (1, 60)
    - [    -0.000702986841361,    -0.000320980208815,     0.001718708051837 ]
    - [    -0.000320980208815,     0.004384786599922,    -0.002927470206560 ]
    - [     0.001718708051837,    -0.002927470206560,    -0.001234431655654 ]
  - # (1, 61)
    - [     0.002866093740295,     0.002333690397204,     0.001648328928489 ]
    - [     0.002333690397204,     0.000776308456316,     0.002873002607740 ]
    - [     0.001648328928489,     0.002873002607740,    -0.001254298908620 ]
  - # (1, 62)
    - [    -0.014056267724527,     0.000140047852173,     0.000115796271499 ]
    - [     0.000140047852173,     0.065414098324688,     0.055966085899695 ]
    - [     0.000115796271499,     0.055966085899695,     0.025508240026771 ]
