phonopy:
  version: "2.37.1"
  frequency_unit_conversion_factor: 15.633302
  symmetry_tolerance: 1.00000e-05

space_group:
  type: "R-3m"
  number: 166
  Hall_symbol: "-R 3 2\""

primitive_matrix:
- [ -0.000000000000000, -0.000000000000000,  1.000000000000000 ]
- [  1.000000000000000, -0.000000000000000, -0.000000000000000 ]
- [  0.000000000000000,  1.000000000000000,  0.000000000000000 ]

supercell_matrix:
- [   1,   0,   0 ]
- [   0,   1,   0 ]
- [   0,   0,   1 ]

primitive_cell:
  lattice:
  - [     9.523305249239343,     3.293945135139002,     0.000000000000000 ] # a
  - [     9.523306636489025,     1.600456818877010,     2.878993953388919 ] # b
  - [    10.076876773228499,    -0.000000000000000,     0.000000000000000 ] # c
  points:
  - symbol: Li # 1
    coordinates: [  0.000707428196468,  0.000707469401218,  0.000707423240655 ]
    mass: 6.940000
  - symbol: Li # 2
    coordinates: [  0.249292562590292,  0.249292573076336,  0.249292562844110 ]
    mass: 6.940000
  - symbol: Sn # 3
    coordinates: [  0.504941485590139,  0.504941524252551,  0.504941509294612 ]
    mass: 118.710000
  - symbol: Sn # 4
    coordinates: [  0.745058523883718,  0.745058431520241,  0.745058506128997 ]
    mass: 118.710000
  reciprocal_lattice: # without 2pi
  - [     0.000000000000000,     0.303587327345633,    -0.168766734505652 ] # a*
  - [    -0.000000000000000,    -0.000000000000000,     0.347343556877874 ] # b*
  - [     0.099237097218131,    -0.286909808780655,    -0.168766782606714 ] # c*

unit_cell:
  lattice:
  - [    10.076876773228500,     0.000000000000000,     0.000000000000000 ] # a
  - [     9.523305249239344,     3.293945135139002,     0.000000000000000 ] # b
  - [     9.523306636489025,     1.600456818877010,     2.878993953388919 ] # c
  points:
  - symbol: Li # 1
    coordinates: [  0.000707423240655,  0.000707428196468,  0.000707469401218 ]
    mass: 6.940000
    reduced_to: 1
  - symbol: Li # 2
    coordinates: [  0.249292562844110,  0.249292562590292,  0.249292573076336 ]
    mass: 6.940000
    reduced_to: 2
  - symbol: Sn # 3
    coordinates: [  0.504941509294612,  0.504941485590139,  0.504941524252552 ]
    mass: 118.710000
    reduced_to: 3
  - symbol: Sn # 4
    coordinates: [  0.745058506128997,  0.745058523883718,  0.745058431520241 ]
    mass: 118.710000
    reduced_to: 4

supercell:
  lattice:
  - [    10.076876773228500,     0.000000000000000,     0.000000000000000 ] # a
  - [     9.523305249239344,     3.293945135139002,     0.000000000000000 ] # b
  - [     9.523306636489025,     1.600456818877010,     2.878993953388919 ] # c
  points:
  - symbol: Li # 1
    coordinates: [  0.000707423240655,  0.000707428196468,  0.000707469401218 ]
    mass: 6.940000
    reduced_to: 1
  - symbol: Li # 2
    coordinates: [  0.249292562844110,  0.249292562590292,  0.249292573076336 ]
    mass: 6.940000
    reduced_to: 2
  - symbol: Sn # 3
    coordinates: [  0.504941509294612,  0.504941485590139,  0.504941524252552 ]
    mass: 118.710000
    reduced_to: 3
  - symbol: Sn # 4
    coordinates: [  0.745058506128997,  0.745058523883718,  0.745058431520241 ]
    mass: 118.710000
    reduced_to: 4

displacements:
- atom:    1
  displacement:
    [   0.0100000000000000,  0.0000000000000000,  0.0000000000000000 ]
  forces:
  - [  -0.0405874103307724, -0.0057526864111423, -0.0033835181966424 ]
  - [   0.0262204855680466,  0.0042248060926795,  0.0024841632694006 ]
  - [   0.0026106536388397,  0.0004324112087488,  0.0002546310424805 ]
  - [   0.0117562711238861,  0.0010954849421978,  0.0006447322666645 ]
- atom:    1
  displacement:
    [  -0.0100000000000000,  0.0000000000000000,  0.0000000000000000 ]
  forces:
  - [  -0.0023474916815758, -0.0013994183391333, -0.0008226139470935 ]
  - [   0.0163919404149055,  0.0029245987534523,  0.0017194254323840 ]
  - [   0.0047495588660240,  0.0008086878806353,  0.0004759188741446 ]
  - [  -0.0187939926981926, -0.0023338682949543, -0.0013727219775319 ]
- atom:    3
  displacement:
    [   0.0100000000000000,  0.0000000000000000,  0.0000000000000000 ]
  forces:
  - [  -0.0223796516656876, -0.0037706773728132, -0.0022175535559654 ]
  - [   0.0367786809802055,  0.0053068455308676,  0.0031204856932163 ]
  - [  -0.0242992118000984, -0.0033455723896623, -0.0019664419814944 ]
  - [   0.0099001973867416,  0.0018094051629305,  0.0010635107755661 ]
- atom:    3
  displacement:
    [  -0.0100000000000000,  0.0000000000000000,  0.0000000000000000 ]
  forces:
  - [  -0.0202399417757988, -0.0033942442387342, -0.0019961250945926 ]
  - [   0.0062325671315193,  0.0018776692450047,  0.0011034682393074 ]
  - [   0.0317244231700897,  0.0046165417879820,  0.0027160989120603 ]
  - [  -0.0177170634269714, -0.0030999574810266, -0.0018234364688396 ]

force_constants:
  format: "full"
  shape: [ 4, 4 ]
  elements:
  - # (1, 1)
    - [     1.911933533845217,     0.217662454654976,     0.128033538960203 ]
    - [     0.217662454654976,     0.653343434580450,     0.021516942440566 ]
    - [     0.128033538960203,     0.021516942440566,     0.629420427188084 ]
  - # (1, 2)
    - [    -0.491489656269078,    -0.065014847488671,    -0.038243072385301 ]
    - [    -0.065014847488671,    -0.115554157957448,    -0.006427018997895 ]
    - [    -0.038243072385301,    -0.006427018997895,    -0.108408457613535 ]
  - # (1, 3)
    - [     0.106965471059498,     0.018817310803915,     0.011068729791887 ]
    - [     0.018817310808681,    -0.001841907379450,     0.001860178385965 ]
    - [     0.011068729790320,     0.001860178385230,    -0.003910094408936 ]
  - # (1, 4)
    - [    -1.527409348635637,    -0.171464917970220,    -0.100859196366789 ]
    - [    -0.171464917974986,    -0.535947369243552,    -0.016950101828637 ]
    - [    -0.100859196365222,    -0.016950101827902,    -0.517101875165613 ]
  - # (2, 1)
    - [    -0.491489656269078,    -0.065014847488671,    -0.038243072385301 ]
    - [    -0.065014847488671,    -0.115554157957448,    -0.006427018997895 ]
    - [    -0.038243072385301,    -0.006427018997895,    -0.108408457613535 ]
  - # (2, 2)
    - [     1.911933533845217,     0.217662454654976,     0.128033538960202 ]
    - [     0.217662454654976,     0.653343434580450,     0.021516942440566 ]
    - [     0.128033538960202,     0.021516942440566,     0.629420427188084 ]
  - # (2, 3)
    - [    -1.527409348635637,    -0.171464917970220,    -0.100859196366790 ]
    - [    -0.171464917974986,    -0.535947369243552,    -0.016950101828637 ]
    - [    -0.100859196365223,    -0.016950101827902,    -0.517101875165613 ]
  - # (2, 4)
    - [     0.106965471059498,     0.018817310803915,     0.011068729791888 ]
    - [     0.018817310808681,    -0.001841907379450,     0.001860178385965 ]
    - [     0.011068729790321,     0.001860178385231,    -0.003910094408936 ]
  - # (3, 1)
    - [     0.106965471059498,     0.018817310808681,     0.011068729790320 ]
    - [     0.018817310803915,    -0.001841907379450,     0.001860178385230 ]
    - [     0.011068729791887,     0.001860178385965,    -0.003910094408936 ]
  - # (3, 2)
    - [    -1.527409348635637,    -0.171464917974986,    -0.100859196365223 ]
    - [    -0.171464917970220,    -0.535947369243552,    -0.016950101827902 ]
    - [    -0.100859196366790,    -0.016950101828637,    -0.517101875165613 ]
  - # (3, 3)
    - [     2.801244333401667,     0.398091535080661,     0.234165640313436 ]
    - [     0.398091535080661,     0.499358758106485,     0.039353193273432 ]
    - [     0.234165640313436,     0.039353193273432,     0.455605016784082 ]
  - # (3, 4)
    - [    -1.380800455825528,    -0.245443927914356,    -0.144375173738534 ]
    - [    -0.245443927914356,     0.038430518516517,    -0.024263269830761 ]
    - [    -0.144375173738534,    -0.024263269830761,     0.065406952790467 ]
  - # (4, 1)
    - [    -1.527409348635637,    -0.171464917974986,    -0.100859196365222 ]
    - [    -0.171464917970220,    -0.535947369243552,    -0.016950101827902 ]
    - [    -0.100859196366789,    -0.016950101828637,    -0.517101875165613 ]
  - # (4, 2)
    - [     0.106965471059498,     0.018817310808681,     0.011068729790321 ]
    - [     0.018817310803915,    -0.001841907379450,     0.001860178385231 ]
    - [     0.011068729791888,     0.001860178385965,    -0.003910094408936 ]
  - # (4, 3)
    - [    -1.380800455825528,    -0.245443927914356,    -0.144375173738534 ]
    - [    -0.245443927914356,     0.038430518516517,    -0.024263269830761 ]
    - [    -0.144375173738534,    -0.024263269830761,     0.065406952790467 ]
  - # (4, 4)
    - [     2.801244333401667,     0.398091535080661,     0.234165640313435 ]
    - [     0.398091535080661,     0.499358758106485,     0.039353193273432 ]
    - [     0.234165640313435,     0.039353193273432,     0.455605016784082 ]