phonopy:
  version: "2.37.1"
  frequency_unit_conversion_factor: 15.633302
  symmetry_tolerance: 1.00000e-05

space_group:
  type: "I4_1/amd"
  number: 141
  Hall_symbol: "I 4bw 2bw -1bw"

primitive_matrix:
- [  0.000000000000000,  1.000000000000000,  0.000000000000000 ]
- [  0.000000000000000,  1.000000000000000, -1.000000000000000 ]
- [ -1.000000000000000,  1.000000000000000,  0.000000000000000 ]

supercell_matrix:
- [   1,   0,   0 ]
- [   0,   1,   0 ]
- [   0,   0,   1 ]

primitive_cell:
  lattice:
  - [    12.932407480478458,     2.281738136598225,    -2.316981578040404 ] # a
  - [    12.932407076837986,     2.281739459832308,     2.316981578040404 ] # b
  - [   -12.529826975324076,    -4.563477596430532,     0.000000000000000 ] # c
  points:
  - symbol: Li # 1
    coordinates: [  0.000000002450292,  0.999999988694791,  0.999999992075840 ]
    mass: 6.940000
  - symbol: Li # 2
    coordinates: [  0.249999990136246,  0.749999999588953,  0.499999984881146 ]
    mass: 6.940000
  - symbol: Sn # 3
    coordinates: [  0.426345129764926,  0.426345110944250,  0.000000020575486 ]
    mass: 118.710000
  - symbol: Sn # 4
    coordinates: [  0.823654861631896,  0.323654891747433,  0.499999989950526 ]
    mass: 118.710000
  - symbol: Sn # 5
    coordinates: [  0.573654878636984,  0.573654904489632,  0.000000000945086 ]
    mass: 118.710000
  - symbol: Sn # 6
    coordinates: [  0.676345137365558,  0.176345104268389,  0.500000011390313 ]
    mass: 118.710000
  reciprocal_lattice: # without 2pi
  - [     0.074990696005627,    -0.205900089537984,    -0.215797938739430 ] # a*
  - [     0.074990696005627,    -0.205900089537984,     0.215798069393597 ] # b*
  - [     0.074990696005627,    -0.425031219004289,     0.000000127900256 ] # c*

unit_cell:
  lattice:
  - [    13.334987581992369,     0.000000000000000,     0.000000000000000 ] # a
  - [    12.529826975324076,     4.563477596430532,     0.000000000000000 ] # b
  - [   -12.932407480478453,    -2.281738136598224,     2.316981578040404 ] # c
  points:
  - symbol: Li # 1
    coordinates: [  0.999999988694791,  0.999999996618951,  0.999999986244499 ]
    mass: 6.940000
    reduced_to: 1
  - symbol: Li # 2
    coordinates: [  0.749999999588953,  0.250000014707806,  0.500000009452707 ]
    mass: 6.940000
    reduced_to: 2
  - symbol: Sn # 3
    coordinates: [  0.426345110944250,  0.426345090368764,  0.999999981179324 ]
    mass: 118.710000
    reduced_to: 3
  - symbol: Sn # 4
    coordinates: [  0.323654891747433,  0.823654901796907,  0.500000030115537 ]
    mass: 118.710000
    reduced_to: 4
  - symbol: Sn # 5
    coordinates: [  0.573654904489632,  0.573654903544545,  0.000000025852648 ]
    mass: 118.710000
    reduced_to: 5
  - symbol: Sn # 6
    coordinates: [  0.176345104268389,  0.676345092878076,  0.499999966902831 ]
    mass: 118.710000
    reduced_to: 6

supercell:
  lattice:
  - [    13.334987581992369,     0.000000000000000,     0.000000000000000 ] # a
  - [    12.529826975324076,     4.563477596430532,     0.000000000000000 ] # b
  - [   -12.932407480478453,    -2.281738136598224,     2.316981578040404 ] # c
  points:
  - symbol: Li # 1
    coordinates: [  0.999999988694791,  0.999999996618951,  0.999999986244499 ]
    mass: 6.940000
    reduced_to: 1
  - symbol: Li # 2
    coordinates: [  0.749999999588953,  0.250000014707806,  0.500000009452707 ]
    mass: 6.940000
    reduced_to: 2
  - symbol: Sn # 3
    coordinates: [  0.426345110944250,  0.426345090368764,  0.999999981179324 ]
    mass: 118.710000
    reduced_to: 3
  - symbol: Sn # 4
    coordinates: [  0.323654891747433,  0.823654901796907,  0.500000030115537 ]
    mass: 118.710000
    reduced_to: 4
  - symbol: Sn # 5
    coordinates: [  0.573654904489632,  0.573654903544545,  0.000000025852648 ]
    mass: 118.710000
    reduced_to: 5
  - symbol: Sn # 6
    coordinates: [  0.176345104268389,  0.676345092878076,  0.499999966902831 ]
    mass: 118.710000
    reduced_to: 6

displacements:
- atom:    1
  displacement:
    [   0.0100000000000000,  0.0000000000000000,  0.0000000000000000 ]
  forces:
  - [  -0.0233049727976322, -0.0011807786067948,  0.0000057832148741 ]
  - [  -0.0008686687797308, -0.0001530619338155, -0.0000000116129755 ]
  - [   0.0434646904468536,  0.0061754281632602,  0.0000119568794616 ]
  - [  -0.0315149389207363, -0.0055012060329318,  0.0000506006545038 ]
  - [  -0.0167642980813980, -0.0045169428922236, -0.0000112411989903 ]
  - [   0.0289881825447083,  0.0051765525713563, -0.0000570976189920 ]
- atom:    3
  displacement:
    [   0.0100000000000000,  0.0000000000000000,  0.0000000000000000 ]
  forces:
  - [   0.0134832486510277,  0.0008188204956241,  0.0000070103892540 ]
  - [  -0.0012858249247074, -0.0001653451472521,  0.0000546880291949 ]
  - [  -0.0012887828052044,  0.0013873716816306, -0.0001808495144360 ]
  - [  -0.0099044032394886, -0.0019253315404058,  0.0001191325718537 ]
  - [  -0.0320275202393532, -0.0055889138020575, -0.0000006728341759 ]
  - [   0.0310232788324356,  0.0054734069854021,  0.0000006956082075 ]
- atom:    3
  displacement:
    [  -0.0100000000000000,  0.0000000000000000,  0.0000000000000000 ]
  forces:
  - [  -0.0132187837734818, -0.0008396399789490, -0.0000163024487847 ]
  - [   0.0012452602386475,  0.0001596687361598, -0.0000540070504940 ]
  - [   0.0620654635131359,  0.0093993954360485,  0.0001768665097188 ]
  - [  -0.0511210784316063, -0.0088390987366438, -0.0001065490796464 ]
  - [  -0.0284728668630123, -0.0050854682922363, -0.0000006627378752 ]
  - [   0.0295019745826721,  0.0052051334641874,  0.0000006541507673 ]

force_constants:
  format: "full"
  shape: [ 6, 6 ]
  elements:
  - # (1, 1)
    - [     2.330452162066362,     0.118071104488638,     0.000000038329269 ]
    - [     0.118071104488638,     1.682082406036830,    -0.000000076546832 ]
    - [     0.000000038329269,    -0.000000076546832,     1.661250446034310 ]
  - # (1, 2)
    - [     0.086821760749230,     0.015299430704338,     0.000000003613541 ]
    - [     0.015299430820727,     0.002807229882431,     0.000000000605100 ]
    - [     0.000000008528317,     0.000000001472242,     0.000107863455813 ]
  - # (1, 3)
    - [    -1.335071809257689,    -0.082925303053777,    -0.001167620110192 ]
    - [    -0.082925299679560,    -0.879699964094515,     0.006617811420060 ]
    - [    -0.001167619936984,     0.006617809062725,    -0.865068980457714 ]
  - # (1, 4)
    - [     0.126434848124369,     0.016240034520984,    -0.005414664676527 ]
    - [     0.016240030469205,     0.037255151441659,     0.030689199834337 ]
    - [    -0.005414659439564,     0.030689198501620,     0.034389808841104 ]
  - # (1, 5)
    - [    -1.335071809402671,    -0.082925302518421,     0.001167535531159 ]
    - [    -0.082925298857831,    -0.879699967128797,    -0.006617604218421 ]
    - [     0.001167525085476,    -0.006617603673519,    -0.865068975671394 ]
  - # (1, 6)
    - [     0.126434847720399,     0.016240035858238,     0.005414707312751 ]
    - [     0.016240032758821,     0.037255143862392,    -0.030689331094243 ]
    - [     0.005414707433486,    -0.030689328816237,     0.034389837797882 ]
  - # (2, 1)
    - [     0.086821760749230,     0.015299430820727,     0.000000008528317 ]
    - [     0.015299430704338,     0.002807229882431,     0.000000001472242 ]
    - [     0.000000003613541,     0.000000000605100,     0.000107863455813 ]
  - # (2, 2)
    - [     2.330452183487813,     0.118071023833314,     0.000000267981191 ]
    - [     0.118071023833314,     1.682082632172655,    -0.000000869215019 ]
    - [     0.000000267981191,    -0.000000869215019,     1.661250198477560 ]
  - # (2, 3)
    - [     0.126434849381601,     0.016240027388316,    -0.005414686512440 ]
    - [     0.016240031519154,     0.037255145530131,     0.030689311810309 ]
    - [    -0.005414692489027,     0.030689313012529,     0.034389797528857 ]
  - # (2, 4)
    - [    -1.335071821732333,    -0.082925253771575,    -0.001167723238715 ]
    - [    -0.082925257471859,    -0.879700081906715,     0.006618089344797 ]
    - [    -0.001167714743910,     0.006618093231479,    -0.865068856529594 ]
  - # (2, 5)
    - [     0.126434849702380,     0.016240026036384,     0.005414668299720 ]
    - [     0.016240029701052,     0.037255153192590,    -0.030689217635525 ]
    - [     0.005414674532039,    -0.030689218792626,     0.034389842452107 ]
  - # (2, 6)
    - [    -1.335071821588690,    -0.082925254307167,     0.001167464941927 ]
    - [    -0.082925258285999,    -0.879700078871093,    -0.006617315776803 ]
    - [     0.001167461106166,    -0.006617318841463,    -0.865068845384742 ]
  - # (3, 1)
    - [    -1.335071809257689,    -0.082925299679560,    -0.001167619936984 ]
    - [    -0.082925303053777,    -0.879699964094515,     0.006617809062725 ]
    - [    -0.001167620110192,     0.006617811420060,    -0.865068980457714 ]
  - # (3, 2)
    - [     0.126434849381601,     0.016240031519154,    -0.005414692489027 ]
    - [     0.016240027388316,     0.037255145530131,     0.030689313012529 ]
    - [    -0.005414686512440,     0.030689311810309,     0.034389797528857 ]
  - # (3, 3)
    - [     3.167735054448465,     0.400604664036775,     0.017876139353760 ]
    - [     0.400604664036775,     0.967874617711275,    -0.101317872120008 ]
    - [     0.017876139353760,    -0.101317872120008,     0.897193693521555 ]
  - # (3, 4)
    - [    -2.060811026502141,    -0.345684913206975,    -0.011293817472478 ]
    - [    -0.345684900161475,    -0.162534152259290,     0.064010719538631 ]
    - [    -0.011293831709885,     0.064010712114301,    -0.101543003706491 ]
  - # (3, 5)
    - [     0.177755407304544,     0.025175732057270,    -0.000000012157726 ]
    - [     0.025175732102219,     0.039506628928489,     0.000000030018409 ]
    - [    -0.000000000277983,     0.000000036895572,     0.035064727254693 ]
  - # (3, 6)
    - [    -0.076042475374781,    -0.013410214726664,     0.000000002702455 ]
    - [    -0.013410220312058,    -0.002402275816090,     0.000000000487713 ]
    - [    -0.000000000743259,    -0.000000000120234,    -0.000036234140899 ]
  - # (4, 1)
    - [     0.126434848124369,     0.016240030469205,    -0.005414659439564 ]
    - [     0.016240034520984,     0.037255151441659,     0.030689198501620 ]
    - [    -0.005414664676527,     0.030689199834337,     0.034389808841104 ]
  - # (4, 2)
    - [    -1.335071821732333,    -0.082925257471859,    -0.001167714743910 ]
    - [    -0.082925253771575,    -0.879700081906715,     0.006618093231479 ]
    - [    -0.001167723238715,     0.006618089344797,    -0.865068856529594 ]
  - # (4, 3)
    - [    -2.060811026502141,    -0.345684900161475,    -0.011293831709885 ]
    - [    -0.345684913206975,    -0.162534152259290,     0.064010712114301 ]
    - [    -0.011293817472478,     0.064010719538631,    -0.101543003706491 ]
  - # (4, 4)
    - [     3.167735069995405,     0.400604610218988,     0.017876196025181 ]
    - [     0.400604610218988,     0.967874728339890,    -0.101317952332601 ]
    - [     0.017876196025181,    -0.101317952332601,     0.897193562542100 ]
  - # (4, 5)
    - [    -0.076042475483811,    -0.013410219739045,    -0.000000010661120 ]
    - [    -0.013410214277155,    -0.002402278109046,    -0.000000001870098 ]
    - [    -0.000000009098469,    -0.000000001594391,    -0.000036236542886 ]
  - # (4, 6)
    - [     0.177755405598512,     0.025175736684187,     0.000000020529298 ]
    - [     0.025175736515733,     0.039506632493501,    -0.000000049644700 ]
    - [     0.000000018461008,    -0.000000054790772,     0.035064725395767 ]
  - # (5, 1)
    - [    -1.335071809402671,    -0.082925298857831,     0.001167525085476 ]
    - [    -0.082925302518421,    -0.879699967128797,    -0.006617603673519 ]
    - [     0.001167535531159,    -0.006617604218421,    -0.865068975671394 ]
  - # (5, 2)
    - [     0.126434849702380,     0.016240029701052,     0.005414674532039 ]
    - [     0.016240026036384,     0.037255153192590,    -0.030689218792626 ]
    - [     0.005414668299720,    -0.030689217635525,     0.034389842452107 ]
  - # (5, 3)
    - [     0.177755407304544,     0.025175732102219,    -0.000000000277983 ]
    - [     0.025175732057270,     0.039506628928489,     0.000000036895572 ]
    - [    -0.000000012157726,     0.000000030018409,     0.035064727254693 ]
  - # (5, 4)
    - [    -0.076042475483811,    -0.013410214277155,    -0.000000009098469 ]
    - [    -0.013410219739045,    -0.002402278109046,    -0.000000001594391 ]
    - [    -0.000000010661120,    -0.000000001870098,    -0.000036236542886 ]
  - # (5, 5)
    - [     3.167735054360567,     0.400604664490012,    -0.017875845314695 ]
    - [     0.400604664490012,     0.967874615397187,     0.101317474243993 ]
    - [    -0.017875845314695,     0.101317474243993,     0.897193569165667 ]
  - # (5, 6)
    - [    -2.060811026481008,    -0.345684913158297,     0.011293655073632 ]
    - [    -0.345684900326200,    -0.162534152280423,    -0.064010687079030 ]
    - [     0.011293664302662,    -0.064010680538357,    -0.101542926658186 ]
  - # (6, 1)
    - [     0.126434847720399,     0.016240032758821,     0.005414707433486 ]
    - [     0.016240035858238,     0.037255143862392,    -0.030689328816237 ]
    - [     0.005414707312751,    -0.030689331094243,     0.034389837797882 ]
  - # (6, 2)
    - [    -1.335071821588690,    -0.082925258285999,     0.001167461106166 ]
    - [    -0.082925254307167,    -0.879700078871093,    -0.006617318841463 ]
    - [     0.001167464941927,    -0.006617315776803,    -0.865068845384742 ]
  - # (6, 3)
    - [    -0.076042475374781,    -0.013410220312058,    -0.000000000743259 ]
    - [    -0.013410214726664,    -0.002402275816090,    -0.000000000120234 ]
    - [     0.000000002702455,     0.000000000487713,    -0.000036234140899 ]
  - # (6, 4)
    - [     0.177755405598512,     0.025175736515733,     0.000000018461008 ]
    - [     0.025175736684187,     0.039506632493501,    -0.000000054790772 ]
    - [     0.000000020529298,    -0.000000049644700,     0.035064725395767 ]
  - # (6, 5)
    - [    -2.060811026481008,    -0.345684900326200,     0.011293664302662 ]
    - [    -0.345684913158297,    -0.162534152280423,    -0.064010680538357 ]
    - [     0.011293655073632,    -0.064010687079030,    -0.101542926658186 ]
  - # (6, 6)
    - [     3.167735070125568,     0.400604609649703,    -0.017875850560063 ]
    - [     0.400604609649703,     0.967874730611713,     0.101317383107062 ]
    - [    -0.017875850560063,     0.101317383107062,     0.897193442990179 ]