phonopy:
  version: "2.37.1"
  frequency_unit_conversion_factor: 15.633302
  symmetry_tolerance: 1.00000e-05

space_group:
  type: "R-3m"
  number: 166
  Hall_symbol: "-R 3 2\""

primitive_matrix:
- [  0.000000000000000, -0.000000000000000,  1.000000000000000 ]
- [  1.000000000000000,  0.000000000000000,  0.000000000000000 ]
- [  0.000000000000000,  1.000000000000000, -0.000000000000000 ]

supercell_matrix:
- [   1,   0,   0 ]
- [   0,   1,   0 ]
- [   0,   0,   1 ]

primitive_cell:
  lattice:
  - [     9.970420095541218,     3.309318652938622,     0.000000000000000 ] # a
  - [     9.970420156663636,     1.611437006056438,     2.890477580981166 ] # b
  - [    10.505277905003288,    -0.000000000000000,    -0.000000000000000 ] # c
  points:
  - symbol: Li # 1
    coordinates: [  0.000000000828761,  0.000000001598118,  0.000000002518232 ]
    mass: 6.940000
  - symbol: Sn # 2
    coordinates: [  0.257747351887876,  0.257747352035033,  0.257747349744586 ]
    mass: 118.710000
  - symbol: Sn # 3
    coordinates: [  0.500000001180388,  0.499999999756141,  0.500000003579936 ]
    mass: 118.710000
  - symbol: Sn # 4
    coordinates: [  0.742252646099636,  0.742252646666088,  0.742252644120910 ]
    mass: 118.710000
  reciprocal_lattice: # without 2pi
  - [     0.000000000000000,     0.302177005261194,    -0.168463236615697 ] # a*
  - [     0.000000000000000,    -0.000000000000000,     0.345963589747184 ] # b*
  - [     0.095190247135084,    -0.286792192735022,    -0.168463235811315 ] # c*

unit_cell:
  lattice:
  - [    10.505277905003291,     0.000000000000000,     0.000000000000000 ] # a
  - [     9.970420095541218,     3.309318652938622,     0.000000000000000 ] # b
  - [     9.970420156663634,     1.611437006056437,     2.890477580981165 ] # c
  points:
  - symbol: Li # 1
    coordinates: [  0.000000002518232,  0.000000000828761,  0.000000001598118 ]
    mass: 6.940000
    reduced_to: 1
  - symbol: Sn # 2
    coordinates: [  0.257747349744586,  0.257747351887876,  0.257747352035033 ]
    mass: 118.710000
    reduced_to: 2
  - symbol: Sn # 3
    coordinates: [  0.500000003579935,  0.500000001180388,  0.499999999756141 ]
    mass: 118.710000
    reduced_to: 3
  - symbol: Sn # 4
    coordinates: [  0.742252644120909,  0.742252646099636,  0.742252646666088 ]
    mass: 118.710000
    reduced_to: 4

supercell:
  lattice:
  - [    10.505277905003291,     0.000000000000000,     0.000000000000000 ] # a
  - [     9.970420095541218,     3.309318652938622,     0.000000000000000 ] # b
  - [     9.970420156663634,     1.611437006056437,     2.890477580981165 ] # c
  points:
  - symbol: Li # 1
    coordinates: [  0.000000002518232,  0.000000000828761,  0.000000001598118 ]
    mass: 6.940000
    reduced_to: 1
  - symbol: Sn # 2
    coordinates: [  0.257747349744586,  0.257747351887876,  0.257747352035033 ]
    mass: 118.710000
    reduced_to: 2
  - symbol: Sn # 3
    coordinates: [  0.500000003579935,  0.500000001180388,  0.499999999756141 ]
    mass: 118.710000
    reduced_to: 3
  - symbol: Sn # 4
    coordinates: [  0.742252644120909,  0.742252646099636,  0.742252646666088 ]
    mass: 118.710000
    reduced_to: 4

displacements:
- atom:    1
  displacement:
    [   0.0100000000000000,  0.0000000000000000,  0.0000000000000000 ]
  forces:
  - [  -0.0273962281644344, -0.0031239199452102, -0.0018349925521761 ]
  - [  -0.0124583244323730, -0.0026238951832056, -0.0015414697118104 ]
  - [  -0.0012448915513232, -0.0002405950799584, -0.0001412030542269 ]
  - [   0.0410994514822960,  0.0059884106740355,  0.0035176556557417 ]
- atom:    2
  displacement:
    [   0.0100000000000000,  0.0000000000000000,  0.0000000000000000 ]
  forces:
  - [   0.0144812501966953,  0.0016892987769097,  0.0009919714648277 ]
  - [  -0.0492516085505486, -0.0073062693700194, -0.0042914380319417 ]
  - [   0.0059853605926037,  0.0009269174188375,  0.0005442870315164 ]
  - [   0.0287849903106689,  0.0046900548040867,  0.0027551716193557 ]
- atom:    2
  displacement:
    [  -0.0100000000000000,  0.0000000000000000,  0.0000000000000000 ]
  forces:
  - [  -0.0141593702137470, -0.0016755323158577, -0.0009844839805737 ]
  - [  -0.0039277225732803, -0.0012858007103205, -0.0007549934089184 ]
  - [  -0.0063642207533121, -0.0009526981739327, -0.0005599713185802 ]
  - [   0.0244512930512428,  0.0039140302687883,  0.0022994475439191 ]
- atom:    3
  displacement:
    [   0.0100000000000000,  0.0000000000000000,  0.0000000000000000 ]
  forces:
  - [  -0.0012444292660803, -0.0002401671372354, -0.0001409951364622 ]
  - [  -0.0202534049749374, -0.0033474676311016, -0.0019663972780108 ]
  - [  -0.0111065600067377, -0.0016398385632783, -0.0009631875436753 ]
  - [   0.0326043888926506,  0.0052274717018008,  0.0030705817043781 ]

force_constants:
  format: "full"
  shape: [ 4, 4 ]
  elements:
  - # (1, 1)
    - [     2.739621980435926,     0.312410198046783,     0.183511362815863 ]
    - [     0.312410198046783,     0.857143039037658,     0.029659428164952 ]
    - [     0.183511362815863,     0.029659428164952,     0.824072856344273 ]
  - # (1, 2)
    - [    -1.432032055890935,    -0.168222486525387,    -0.098814756853583 ]
    - [    -0.168222486525032,    -0.418379843724864,    -0.015970614230977 ]
    - [    -0.098814756853211,    -0.015970614230950,    -0.400572651778809 ]
  - # (1, 3)
    - [     0.124442131345945,     0.024034775003992,     0.014118150891303 ]
    - [     0.024034775003282,    -0.020383351587929,     0.002281800297002 ]
    - [     0.014118150890559,     0.002281800296949,    -0.022927552786655 ]
  - # (1, 4)
    - [    -1.432032055890935,    -0.168222486525387,    -0.098814756853583 ]
    - [    -0.168222486525032,    -0.418379843724865,    -0.015970614230977 ]
    - [    -0.098814756853211,    -0.015970614230950,    -0.400572651778809 ]
  - # (2, 1)
    - [    -1.432032055890935,    -0.168222486525032,    -0.098814756853211 ]
    - [    -0.168222486525387,    -0.418379843724864,    -0.015970614230950 ]
    - [    -0.098814756853583,    -0.015970614230977,    -0.400572651778809 ]
  - # (2, 2)
    - [     2.266218396107519,     0.301021981061299,     0.176821865379112 ]
    - [     0.301021981061299,     0.452361025929643,     0.028578259862126 ]
    - [     0.176821865379112,     0.028578259862126,     0.420496342988238 ]
  - # (2, 3)
    - [    -0.617525574489286,    -0.093999633216088,    -0.055215869723684 ]
    - [    -0.093999633215733,    -0.051115351217333,    -0.008924085661525 ]
    - [    -0.055215869723311,    -0.008924085661498,    -0.041165019688476 ]
  - # (2, 4)
    - [    -0.216660765727298,    -0.038799861320179,    -0.022791238802218 ]
    - [    -0.038799861320179,     0.017134169012555,    -0.003683559969651 ]
    - [    -0.022791238802218,    -0.003683559969651,     0.021241328479047 ]
  - # (3, 1)
    - [     0.124442131345945,     0.024034775003282,     0.014118150890559 ]
    - [     0.024034775003992,    -0.020383351587929,     0.002281800296949 ]
    - [     0.014118150891303,     0.002281800297002,    -0.022927552786655 ]
  - # (3, 2)
    - [    -0.617525574489286,    -0.093999633215733,    -0.055215869723311 ]
    - [    -0.093999633216088,    -0.051115351217333,    -0.008924085661498 ]
    - [    -0.055215869723684,    -0.008924085661525,    -0.041165019688476 ]
  - # (3, 3)
    - [     1.110609017632627,     0.163964491428184,     0.096313588556063 ]
    - [     0.163964491428184,     0.122614054022595,     0.015566371026048 ]
    - [     0.096313588556063,     0.015566371026048,     0.105257592163606 ]
  - # (3, 4)
    - [    -0.617525574489286,    -0.093999633215733,    -0.055215869723311 ]
    - [    -0.093999633216088,    -0.051115351217333,    -0.008924085661498 ]
    - [    -0.055215869723683,    -0.008924085661525,    -0.041165019688476 ]
  - # (4, 1)
    - [    -1.432032055890935,    -0.168222486525032,    -0.098814756853211 ]
    - [    -0.168222486525387,    -0.418379843724865,    -0.015970614230950 ]
    - [    -0.098814756853583,    -0.015970614230977,    -0.400572651778809 ]
  - # (4, 2)
    - [    -0.216660765727298,    -0.038799861320179,    -0.022791238802218 ]
    - [    -0.038799861320179,     0.017134169012555,    -0.003683559969651 ]
    - [    -0.022791238802218,    -0.003683559969651,     0.021241328479047 ]
  - # (4, 3)
    - [    -0.617525574489286,    -0.093999633216088,    -0.055215869723683 ]
    - [    -0.093999633215733,    -0.051115351217333,    -0.008924085661525 ]
    - [    -0.055215869723311,    -0.008924085661498,    -0.041165019688476 ]
  - # (4, 4)
    - [     2.266218396107519,     0.301021981061300,     0.176821865379112 ]
    - [     0.301021981061300,     0.452361025929643,     0.028578259862126 ]
    - [     0.176821865379112,     0.028578259862126,     0.420496342988238 ]