phonopy:
  version: "2.37.1"
  frequency_unit_conversion_factor: 15.633302
  symmetry_tolerance: 1.00000e-05

space_group:
  type: "P-1"
  number: 2
  Hall_symbol: "-P 1"

primitive_matrix:
- [ -0.000000000000000,  1.000000000000000, -0.000000000000000 ]
- [  1.000000000000000,  0.000000000000000,  0.000000000000000 ]
- [ -1.000000000000000, -1.000000000000000, -1.000000000000000 ]

supercell_matrix:
- [   4,   0,   0 ]
- [   0,   4,   0 ]
- [   0,   0,   4 ]

primitive_cell:
  lattice:
  - [    -0.002083866382207,     1.746453752061091,    -2.472702119463356 ] # a
  - [     1.514272329615428,    -0.880217987434136,    -2.472702119463356 ] # b
  - [    -1.523175817087486,    -0.880217987434136,    -2.472702119463356 ] # c
  points:
  - symbol: Li # 1
    coordinates: [  0.905741512775421,  0.800450444221497,  0.779189229011536 ]
    mass: 6.940000
  reciprocal_lattice: # without 2pi
  - [    -0.000000000000000,     0.380709924641049,    -0.135522884469591 ] # a*
  - [     0.329223727188719,    -0.190651749085398,    -0.134933568486983 ] # b*
  - [    -0.329223727188719,    -0.190058175555650,    -0.133959425579182 ] # c*

unit_cell:
  lattice:
  - [     3.037448146702915,     0.000000000000000,     0.000000000000000 ] # a
  - [     1.521091950705278,     2.626671739495227,     0.000000000000000 ] # b
  - [     1.523175817087485,     0.880217987434136,     2.472702119463355 ] # c
  points:
  - symbol: Li # 1
    coordinates: [  0.800450444221497,  0.905741512775421,  0.514618813991547 ]
    mass: 6.940000
    reduced_to: 1

supercell:
  lattice:
  - [    12.149792586811659,     0.000000000000000,     0.000000000000000 ] # a
  - [     6.084367802821114,    10.506686957980907,     0.000000000000000 ] # b
  - [     6.092703268349940,     3.520871949736545,     9.890808477853421 ] # c
  points:
  - symbol: Li # 1
    coordinates: [  0.200112611055374,  0.226435378193855,  0.128654703497887 ]
    mass: 6.940000
    reduced_to: 1
  - symbol: Li # 2
    coordinates: [  0.450112611055374,  0.226435378193855,  0.128654703497887 ]
    mass: 6.940000
    reduced_to: 1
  - symbol: Li # 3
    coordinates: [  0.700112611055374,  0.226435378193855,  0.128654703497887 ]
    mass: 6.940000
    reduced_to: 1
  - symbol: Li # 4
    coordinates: [  0.950112611055374,  0.226435378193855,  0.128654703497887 ]
    mass: 6.940000
    reduced_to: 1
  - symbol: Li # 5
    coordinates: [  0.200112611055374,  0.476435378193855,  0.128654703497887 ]
    mass: 6.940000
    reduced_to: 1
  - symbol: Li # 6
    coordinates: [  0.450112611055374,  0.476435378193855,  0.128654703497887 ]
    mass: 6.940000
    reduced_to: 1
  - symbol: Li # 7
    coordinates: [  0.700112611055374,  0.476435378193855,  0.128654703497887 ]
    mass: 6.940000
    reduced_to: 1
  - symbol: Li # 8
    coordinates: [  0.950112611055374,  0.476435378193855,  0.128654703497887 ]
    mass: 6.940000
    reduced_to: 1
  - symbol: Li # 9
    coordinates: [  0.200112611055374,  0.726435378193855,  0.128654703497887 ]
    mass: 6.940000
    reduced_to: 1
  - symbol: Li # 10
    coordinates: [  0.450112611055374,  0.726435378193855,  0.128654703497887 ]
    mass: 6.940000
    reduced_to: 1
  - symbol: Li # 11
    coordinates: [  0.700112611055374,  0.726435378193855,  0.128654703497887 ]
    mass: 6.940000
    reduced_to: 1
  - symbol: Li # 12
    coordinates: [  0.950112611055374,  0.726435378193855,  0.128654703497887 ]
    mass: 6.940000
    reduced_to: 1
  - symbol: Li # 13
    coordinates: [  0.200112611055374,  0.976435378193855,  0.128654703497887 ]
    mass: 6.940000
    reduced_to: 1
  - symbol: Li # 14
    coordinates: [  0.450112611055374,  0.976435378193855,  0.128654703497887 ]
    mass: 6.940000
    reduced_to: 1
  - symbol: Li # 15
    coordinates: [  0.700112611055374,  0.976435378193855,  0.128654703497887 ]
    mass: 6.940000
    reduced_to: 1
  - symbol: Li # 16
    coordinates: [  0.950112611055374,  0.976435378193855,  0.128654703497887 ]
    mass: 6.940000
    reduced_to: 1
  - symbol: Li # 17
    coordinates: [  0.200112611055374,  0.226435378193855,  0.378654703497887 ]
    mass: 6.940000
    reduced_to: 1
  - symbol: Li # 18
    coordinates: [  0.450112611055374,  0.226435378193855,  0.378654703497887 ]
    mass: 6.940000
    reduced_to: 1
  - symbol: Li # 19
    coordinates: [  0.700112611055374,  0.226435378193855,  0.378654703497887 ]
    mass: 6.940000
    reduced_to: 1
  - symbol: Li # 20
    coordinates: [  0.950112611055374,  0.226435378193855,  0.378654703497887 ]
    mass: 6.940000
    reduced_to: 1
  - symbol: Li # 21
    coordinates: [  0.200112611055374,  0.476435378193855,  0.378654703497887 ]
    mass: 6.940000
    reduced_to: 1
  - symbol: Li # 22
    coordinates: [  0.450112611055374,  0.476435378193855,  0.378654703497887 ]
    mass: 6.940000
    reduced_to: 1
  - symbol: Li # 23
    coordinates: [  0.700112611055374,  0.476435378193855,  0.378654703497887 ]
    mass: 6.940000
    reduced_to: 1
  - symbol: Li # 24
    coordinates: [  0.950112611055374,  0.476435378193855,  0.378654703497887 ]
    mass: 6.940000
    reduced_to: 1
  - symbol: Li # 25
    coordinates: [  0.200112611055374,  0.726435378193855,  0.378654703497887 ]
    mass: 6.940000
    reduced_to: 1
  - symbol: Li # 26
    coordinates: [  0.450112611055374,  0.726435378193855,  0.378654703497887 ]
    mass: 6.940000
    reduced_to: 1
  - symbol: Li # 27
    coordinates: [  0.700112611055374,  0.726435378193855,  0.378654703497887 ]
    mass: 6.940000
    reduced_to: 1
  - symbol: Li # 28
    coordinates: [  0.950112611055374,  0.726435378193855,  0.378654703497887 ]
    mass: 6.940000
    reduced_to: 1
  - symbol: Li # 29
    coordinates: [  0.200112611055374,  0.976435378193855,  0.378654703497887 ]
    mass: 6.940000
    reduced_to: 1
  - symbol: Li # 30
    coordinates: [  0.450112611055374,  0.976435378193855,  0.378654703497887 ]
    mass: 6.940000
    reduced_to: 1
  - symbol: Li # 31
    coordinates: [  0.700112611055374,  0.976435378193855,  0.378654703497887 ]
    mass: 6.940000
    reduced_to: 1
  - symbol: Li # 32
    coordinates: [  0.950112611055374,  0.976435378193855,  0.378654703497887 ]
    mass: 6.940000
    reduced_to: 1
  - symbol: Li # 33
    coordinates: [  0.200112611055374,  0.226435378193855,  0.628654703497887 ]
    mass: 6.940000
    reduced_to: 1
  - symbol: Li # 34
    coordinates: [  0.450112611055374,  0.226435378193855,  0.628654703497887 ]
    mass: 6.940000
    reduced_to: 1
  - symbol: Li # 35
    coordinates: [  0.700112611055374,  0.226435378193855,  0.628654703497887 ]
    mass: 6.940000
    reduced_to: 1
  - symbol: Li # 36
    coordinates: [  0.950112611055374,  0.226435378193855,  0.628654703497887 ]
    mass: 6.940000
    reduced_to: 1
  - symbol: Li # 37
    coordinates: [  0.200112611055374,  0.476435378193855,  0.628654703497887 ]
    mass: 6.940000
    reduced_to: 1
  - symbol: Li # 38
    coordinates: [  0.450112611055374,  0.476435378193855,  0.628654703497887 ]
    mass: 6.940000
    reduced_to: 1
  - symbol: Li # 39
    coordinates: [  0.700112611055374,  0.476435378193855,  0.628654703497887 ]
    mass: 6.940000
    reduced_to: 1
  - symbol: Li # 40
    coordinates: [  0.950112611055374,  0.476435378193855,  0.628654703497887 ]
    mass: 6.940000
    reduced_to: 1
  - symbol: Li # 41
    coordinates: [  0.200112611055374,  0.726435378193855,  0.628654703497887 ]
    mass: 6.940000
    reduced_to: 1
  - symbol: Li # 42
    coordinates: [  0.450112611055374,  0.726435378193855,  0.628654703497887 ]
    mass: 6.940000
    reduced_to: 1
  - symbol: Li # 43
    coordinates: [  0.700112611055374,  0.726435378193855,  0.628654703497887 ]
    mass: 6.940000
    reduced_to: 1
  - symbol: Li # 44
    coordinates: [  0.950112611055374,  0.726435378193855,  0.628654703497887 ]
    mass: 6.940000
    reduced_to: 1
  - symbol: Li # 45
    coordinates: [  0.200112611055374,  0.976435378193855,  0.628654703497887 ]
    mass: 6.940000
    reduced_to: 1
  - symbol: Li # 46
    coordinates: [  0.450112611055374,  0.976435378193855,  0.628654703497887 ]
    mass: 6.940000
    reduced_to: 1
  - symbol: Li # 47
    coordinates: [  0.700112611055374,  0.976435378193855,  0.628654703497887 ]
    mass: 6.940000
    reduced_to: 1
  - symbol: Li # 48
    coordinates: [  0.950112611055374,  0.976435378193855,  0.628654703497887 ]
    mass: 6.940000
    reduced_to: 1
  - symbol: Li # 49
    coordinates: [  0.200112611055374,  0.226435378193855,  0.878654703497887 ]
    mass: 6.940000
    reduced_to: 1
  - symbol: Li # 50
    coordinates: [  0.450112611055374,  0.226435378193855,  0.878654703497887 ]
    mass: 6.940000
    reduced_to: 1
  - symbol: Li # 51
    coordinates: [  0.700112611055374,  0.226435378193855,  0.878654703497887 ]
    mass: 6.940000
    reduced_to: 1
  - symbol: Li # 52
    coordinates: [  0.950112611055374,  0.226435378193855,  0.878654703497887 ]
    mass: 6.940000
    reduced_to: 1
  - symbol: Li # 53
    coordinates: [  0.200112611055374,  0.476435378193855,  0.878654703497887 ]
    mass: 6.940000
    reduced_to: 1
  - symbol: Li # 54
    coordinates: [  0.450112611055374,  0.476435378193855,  0.878654703497887 ]
    mass: 6.940000
    reduced_to: 1
  - symbol: Li # 55
    coordinates: [  0.700112611055374,  0.476435378193855,  0.878654703497887 ]
    mass: 6.940000
    reduced_to: 1
  - symbol: Li # 56
    coordinates: [  0.950112611055374,  0.476435378193855,  0.878654703497887 ]
    mass: 6.940000
    reduced_to: 1
  - symbol: Li # 57
    coordinates: [  0.200112611055374,  0.726435378193855,  0.878654703497887 ]
    mass: 6.940000
    reduced_to: 1
  - symbol: Li # 58
    coordinates: [  0.450112611055374,  0.726435378193855,  0.878654703497887 ]
    mass: 6.940000
    reduced_to: 1
  - symbol: Li # 59
    coordinates: [  0.700112611055374,  0.726435378193855,  0.878654703497887 ]
    mass: 6.940000
    reduced_to: 1
  - symbol: Li # 60
    coordinates: [  0.950112611055374,  0.726435378193855,  0.878654703497887 ]
    mass: 6.940000
    reduced_to: 1
  - symbol: Li # 61
    coordinates: [  0.200112611055374,  0.976435378193855,  0.878654703497887 ]
    mass: 6.940000
    reduced_to: 1
  - symbol: Li # 62
    coordinates: [  0.450112611055374,  0.976435378193855,  0.878654703497887 ]
    mass: 6.940000
    reduced_to: 1
  - symbol: Li # 63
    coordinates: [  0.700112611055374,  0.976435378193855,  0.878654703497887 ]
    mass: 6.940000
    reduced_to: 1
  - symbol: Li # 64
    coordinates: [  0.950112611055374,  0.976435378193855,  0.878654703497887 ]
    mass: 6.940000
    reduced_to: 1

displacements:
- atom:    1
  displacement:
    [   0.0100000000000000,  0.0000000000000000,  0.0000000000000000 ]
  forces:
  - [  -0.0120638329535723,  0.0000331987830577,  0.0000317074009217 ]
  - [   0.0038167529273778, -0.0000009710129234, -0.0000006007030606 ]
  - [   0.0000606299145147, -0.0000007669004845,  0.0000000091386028 ]
  - [   0.0037210932932794, -0.0000005532056093, -0.0000002656888682 ]
  - [   0.0008178027346730,  0.0017280429601669, -0.0000180518254638 ]
  - [  -0.0000323569402099, -0.0000374410301447, -0.0000081114922068 ]
  - [  -0.0000319927930832,  0.0000379675038857,  0.0000080428435467 ]
  - [   0.0008186935447156, -0.0017195371910930,  0.0000187705300050 ]
  - [  -0.0000137388706207,  0.0000436761401943,  0.0000189835554920 ]
  - [   0.0000323653221130, -0.0000008751085261, -0.0000000668514986 ]
  - [  -0.0000132899731398, -0.0000461416348116, -0.0000196057808353 ]
  - [   0.0000316665755236, -0.0000001334483386, -0.0000003394816304 ]
  - [   0.0008209999650717,  0.0017120596021414, -0.0000185518656508 ]
  - [   0.0008167317137122, -0.0017353737493977,  0.0000182625226444 ]
  - [  -0.0000317478552461,  0.0000387979671359,  0.0000086187428678 ]
  - [  -0.0000331280753016, -0.0000365623272955, -0.0000077812874224 ]
  - [   0.0008220098097809,  0.0005640275776386,  0.0016380622982979 ]
  - [  -0.0000325515866280, -0.0000200099311769, -0.0000328598544002 ]
  - [  -0.0000320486724377,  0.0000203661620617,  0.0000331625342369 ]
  - [   0.0008217385038733, -0.0005632182583213, -0.0016382858157158 ]
  - [  -0.0000281671709672, -0.0000229887664318, -0.0000162636861205 ]
  - [   0.0000152686770889,  0.0000001108273864,  0.0000001396983862 ]
  - [  -0.0000285946189251,  0.0000233305618167,  0.0000167023390532 ]
  - [   0.0001407271920471, -0.0000006100162864, -0.0000005587935448 ]
  - [   0.0000070606874942, -0.0000036032870412,  0.0000171307474375 ]
  - [   0.0000075662101153,  0.0000029569491744, -0.0000170646235347 ]
  - [  -0.0000029131369956, -0.0000020647421479,  0.0000051409006119 ]
  - [  -0.0000024130313250,  0.0000021811574697, -0.0000053166586440 ]
  - [  -0.0001578027149662,  0.0000023609027267, -0.0000038277357817 ]
  - [  -0.0004537068307400,  0.0003419411368668, -0.0004844721406698 ]
  - [   0.0000004563480616, -0.0000001015141606, -0.0000005494803190 ]
  - [  -0.0004570524906740, -0.0003428026102483,  0.0004846192896366 ]
  - [  -0.0000133253633976,  0.0000326130539179,  0.0000360226258636 ]
  - [   0.0000324549728248, -0.0000004768371582, -0.0000001545995474 ]
  - [  -0.0000128038227558, -0.0000335210934281, -0.0000370275229216 ]
  - [   0.0000318607744703, -0.0000006463378668,  0.0000001434236765 ]
  - [   0.0000072571565397,  0.0000146864913404, -0.0000091353431344 ]
  - [   0.0000081575599324, -0.0000153118744493,  0.0000084107741714 ]
  - [  -0.0000041036619223,  0.0000038845464587, -0.0000034300610423 ]
  - [  -0.0000030161645554, -0.0000043623149395,  0.0000039217993617 ]
  - [  -0.0000722954719095,  0.0000003464519978,  0.0000002970919013 ]
  - [   0.0000040280283429,  0.0000000335276127,  0.0000003082677722 ]
  - [   0.0000518692104379,  0.0000003781169653,  0.0000002607703209 ]
  - [   0.0000047700305004, -0.0000001788139343,  0.0000004218891263 ]
  - [   0.0000073285773396,  0.0000154976733029, -0.0000079357996583 ]
  - [  -0.0000025248154998, -0.0000037383288145,  0.0000040605664253 ]
  - [  -0.0000041285529733,  0.0000048037618399, -0.0000031422823668 ]
  - [   0.0000087646767497, -0.0000147186219692,  0.0000093337148428 ]
  - [   0.0008240072056651,  0.0005578473210335,  0.0016227753367275 ]
  - [   0.0008204141631722, -0.0005695559084415, -0.0016538046766073 ]
  - [  -0.0000339448451996,  0.0000209230929613,  0.0000332564377459 ]
  - [  -0.0000315010547638, -0.0000201109796762, -0.0000327508823830 ]
  - [  -0.0001572020410094, -0.0000060386955738,  0.0000080537356553 ]
  - [  -0.0004504704847932, -0.0003415703249630,  0.0004825574869756 ]
  - [   0.0000005690380931,  0.0000000627478585,  0.0000000910513336 ]
  - [  -0.0004599737003446,  0.0003434270620346, -0.0004860711051151 ]
  - [   0.0000081006437540, -0.0000025883564376,  0.0000168347032741 ]
  - [  -0.0000030463561416,  0.0000021476298571, -0.0000052045870689 ]
  - [  -0.0000022938475013, -0.0000020209699869,  0.0000051919923862 ]
  - [   0.0000064801424742,  0.0000035837292671, -0.0000173675798578 ]
  - [  -0.0000291690230370, -0.0000232173952099, -0.0000165753663168 ]
  - [   0.0001404397189617, -0.0000023883694666, -0.0000020213628886 ]
  - [  -0.0000295937061310,  0.0000234828767134,  0.0000164442026289 ]
  - [   0.0000166501849890, -0.0000005048423191, -0.0000005372712621 ]
- atom:    1
  displacement:
    [   0.0050113182364278,  0.0086537095822108,  0.0000000000000000 ]
  forces:
  - [  -0.0060162786394358, -0.0105099994689226,  0.0000538863241673 ]
  - [   0.0018946626223624, -0.0001561991084600, -0.0000186304168892 ]
  - [   0.0000301067520923, -0.0000349897891283,  0.0000189882266568 ]
  - [   0.0018821146804839, -0.0001453030854464, -0.0000189289130503 ]
  - [   0.0019226437434554,  0.0033214213326573, -0.0000000959262252 ]
  - [  -0.0000487780198455, -0.0000089742243290, -0.0000081109974417 ]
  - [   0.0000169239938259,  0.0000287391812890, -0.0000000231739250 ]
  - [  -0.0010938041377813,  0.0015723863616586,  0.0000181507057277 ]
  - [   0.0000317357480526,  0.0000536968873348, -0.0000001479857019 ]
  - [   0.0000158194452524, -0.0000482152245240,  0.0000078791781561 ]
  - [  -0.0000458229333162,  0.0000100890028989, -0.0000196209730348 ]
  - [   0.0000153866749315, -0.0000480877060909,  0.0000079251403804 ]
  - [   0.0018750475719571,  0.0032387361861765,  0.0000000422878657 ]
  - [  -0.0010775187984109,  0.0015672523295507,  0.0000187036421266 ]
  - [   0.0000175461173058,  0.0000290260650218,  0.0000004735265975 ]
  - [  -0.0000492474064231, -0.0000085500068963, -0.0000078371667769 ]
  - [   0.0008999872952700,  0.0004314593970776,  0.0016399673186243 ]
  - [  -0.0000337930396199, -0.0000120759941638, -0.0000161183997989 ]
  - [   0.0000018253922462,  0.0000080242753029,  0.0000170506536961 ]
  - [  -0.0000758218084229, -0.0001332238316536, -0.0000025834888220 ]
  - [  -0.0000345144835592, -0.0000180983915925, -0.0000330749899149 ]
  - [   0.0000073709852586,  0.0000139707699418,  0.0000001080334187 ]
  - [   0.0000058384684962,  0.0000045774504542, -0.0000168289989233 ]
  - [   0.0000702742545400, -0.0005638273432851, -0.0004839850589633 ]
  - [   0.0000006623777153, -0.0000393581576645,  0.0000335089862347 ]
  - [   0.0000066452157625, -0.0000364491716027,  0.0000166799873114 ]
  - [  -0.0000029955590435, -0.0000017923302948,  0.0000051502138376 ]
  - [   0.0000011671036191,  0.0000001732259989, -0.0000001955486368 ]
  - [  -0.0000775034714025,  0.0009963028132915, -0.0016513662412763 ]
  - [   0.0000681877136230,  0.0001222942955792, -0.0000017574056983 ]
  - [   0.0000002654269338, -0.0000042165629566, -0.0000056214630604 ]
  - [  -0.0005258145974949, -0.0002220040187240,  0.0004840902984142 ]
  - [   0.0000220201909542, -0.0000286204740405,  0.0000360338017344 ]
  - [   0.0000159125447681, -0.0000015413388610, -0.0000088503584266 ]
  - [  -0.0000352356582880, -0.0000615268945694,  0.0000001536682248 ]
  - [   0.0000154582485266, -0.0000016475096345, -0.0000082869082689 ]
  - [   0.0000166093304870,  0.0000284765847027, -0.0000004619359970 ]
  - [  -0.0000085093306552,  0.0000135498121381,  0.0000082934275270 ]
  - [   0.0000012981399777,  0.0000029625371099,  0.0000001657754183 ]
  - [  -0.0000049488444347, -0.0000011529773474,  0.0000038761645555 ]
  - [  -0.0000366623899026,  0.0000062547624111, -0.0000376701354980 ]
  - [   0.0000020882689569, -0.0000052349641919, -0.0000032195821404 ]
  - [   0.0000254321385000,  0.0000461386516690,  0.0000002579763532 ]
  - [   0.0000028587419365, -0.0000053402036428, -0.0000032028183341 ]
  - [   0.0000165244564414,  0.0000292393378913,  0.0000006100162864 ]
  - [  -0.0000043418258429, -0.0000004903413355,  0.0000040680170059 ]
  - [   0.0000011576339602,  0.0000038421712816,  0.0000005289912224 ]
  - [  -0.0000078510493040,  0.0000140219926834,  0.0000092834234238 ]
  - [   0.0008954685181379,  0.0004367008805275,  0.0016247322782874 ]
  - [  -0.0000814273953438, -0.0001293374225497,  0.0000089393433882 ]
  - [   0.0000005289912224,  0.0000081993639469,  0.0000165989549714 ]
  - [  -0.0000328021124005, -0.0000125952064991, -0.0000162461001310 ]
  - [  -0.0000836684339447,  0.0009966250509024, -0.0016663479618728 ]
  - [  -0.0005210423842072, -0.0002179306320613,  0.0004821614129469 ]
  - [   0.0000003306195140, -0.0000038427315303, -0.0000052386967582 ]
  - [   0.0000663241371512,  0.0001231618225574, -0.0000025380140869 ]
  - [   0.0000016763806343, -0.0000390446366509,  0.0000337251403835 ]
  - [   0.0000004433095455,  0.0000003185123205,  0.0000001577573130 ]
  - [  -0.0000025993213058, -0.0000016093254089,  0.0000052936084103 ]
  - [   0.0000059213489294, -0.0000362191349268,  0.0000166597019415 ]
  - [  -0.0000351145863533, -0.0000184775344678, -0.0000331542614731 ]
  - [   0.0000683218240738, -0.0005697481101379, -0.0004861192719545 ]
  - [   0.0000050012022257,  0.0000043149484554, -0.0000173183943843 ]
  - [   0.0000085067003965,  0.0000137561510201, -0.0000005998153938 ]
- atom:    1
  displacement:
    [   0.0050192791060020,  0.0029005579680901,  0.0081482268457500 ]
  forces:
  - [  -0.0060193720273674, -0.0034761130809784, -0.0099482359364629 ]
  - [   0.0018977844156325, -0.0000700082309777, -0.0001406548544765 ]
  - [   0.0000301086147374,  0.0000056221470004, -0.0000385136081604 ]
  - [   0.0018850348424166, -0.0000666324049234, -0.0001303339959122 ]
  - [   0.0008966735331342,  0.0016885334625840, -0.0001424942165613 ]
  - [  -0.0000336766242981, -0.0000192075967789, -0.0000061417595134 ]
  - [   0.0000016484409571,  0.0000187626646948,  0.0000017762577045 ]
  - [  -0.0000727277147234, -0.0000484464690089, -0.0001216916716658 ]
  - [   0.0000215787440538,  0.0000232645761571, -0.0000387119725929 ]
  - [   0.0000160112977028, -0.0000093310372904,  0.0000017433776520 ]
  - [  -0.0000352561473846, -0.0000213110179175, -0.0000583795772400 ]
  - [   0.0000153593537107, -0.0000082896513049,  0.0000016246631276 ]
  - [   0.0008933227509260,  0.0016761817969382, -0.0001323228934780 ]
  - [  -0.0000788792967796, -0.0000356922246283, -0.0001216623786604 ]
  - [   0.0000025453045964,  0.0000189864076674,  0.0000022587119020 ]
  - [  -0.0000346051529050, -0.0000186739489436, -0.0000061920727603 ]
  - [   0.0019290177151561,  0.0011146645992994,  0.0031319125555456 ]
  - [  -0.0000490667298436, -0.0000104201026261, -0.0000060638412833 ]
  - [   0.0000171083956957,  0.0000097109004855,  0.0000270772725344 ]
  - [  -0.0011021825484931,  0.0005474798381329,  0.0014839246869087 ]
  - [  -0.0000343803767464, -0.0000372137874365, -0.0000061104074121 ]
  - [   0.0000073714891187,  0.0000046910718083,  0.0000133644789457 ]
  - [   0.0000057658180594, -0.0000145388767123,  0.0000102762132883 ]
  - [   0.0000703673940734, -0.0006444649770856, -0.0003683781251311 ]
  - [   0.0000162992582773,  0.0000090831890702,  0.0000271350145340 ]
  - [  -0.0000090261564765,  0.0000125318765640,  0.0000101169571280 ]
  - [   0.0000024365144782,  0.0000012330710888,  0.0000030836090446 ]
  - [  -0.0000043792460929,  0.0000032801181078, -0.0000022736930987 ]
  - [  -0.0000814725499367, -0.0012366538867354,  0.0014957915991545 ]
  - [  -0.0005232226103544,  0.0003823726437986, -0.0003680335357785 ]
  - [   0.0000002728775144, -0.0000064172782004, -0.0000025536864996 ]
  - [   0.0000662502716295,  0.0000385195016861,  0.0001173391938210 ]
  - [   0.0000322815030813,  0.0000181375071406,  0.0000520739704370 ]
  - [   0.0000158058537636, -0.0000088596716523, -0.0000478178262711 ]
  - [  -0.0000461451709270, -0.0000142576172948,  0.0000174874439836 ]
  - [   0.0000154489262059, -0.0000090859830379, -0.0000480720773339 ]
  - [   0.0000007629096217,  0.0000182390213013, -0.0000483598560095 ]
  - [   0.0000072058282967,  0.0000033564865589, -0.0000402471050620 ]
  - [  -0.0000039681726776,  0.0000038789585233, -0.0000035576522350 ]
  - [   0.0000006375375960, -0.0000002910383046,  0.0000004963949323 ]
  - [  -0.0000366620261048, -0.0000334661453962,  0.0000186068937182 ]
  - [   0.0000021590458346, -0.0000050477683544, -0.0000034980475903 ]
  - [   0.0000253846228588,  0.0000156788155437,  0.0000432236120105 ]
  - [   0.0000029272923712, -0.0000052973628044, -0.0000032372772694 ]
  - [   0.0000008223578334,  0.0000192904844880, -0.0000479649752378 ]
  - [   0.0000009872019291,  0.0000006402842700,  0.0000006277114153 ]
  - [  -0.0000041341409087,  0.0000048773363233, -0.0000029988586903 ]
  - [   0.0000080503523350,  0.0000040805898607, -0.0000396221876144 ]
  - [   0.0018800823017955,  0.0010867025703192,  0.0030536055564880 ]
  - [  -0.0010849777609110,  0.0005456535145640,  0.0014781183563173 ]
  - [   0.0000155428424478,  0.0000099223107100,  0.0000266888891929 ]
  - [  -0.0000476418063045, -0.0000106822699308, -0.0000062635008362 ]
  - [  -0.0000743386772228, -0.0012223329395056,  0.0014903106493875 ]
  - [   0.0000683022662997,  0.0000390698114643,  0.0001163133420050 ]
  - [   0.0000004908069968, -0.0000060002348619, -0.0000021287269192 ]
  - [  -0.0005278214812279,  0.0003828722983599, -0.0003725597634912 ]
  - [   0.0000172536820173,  0.0000098650052678,  0.0000268826988759 ]
  - [  -0.0000048056244850,  0.0000033676624298, -0.0000021318774088 ]
  - [   0.0000028628855944,  0.0000013243407011,  0.0000030692317523 ]
  - [  -0.0000100722536445,  0.0000130739063025,  0.0000096667354228 ]
  - [  -0.0000350140035152, -0.0000372498652723, -0.0000066417705966 ]
  - [   0.0000683907419443, -0.0006484092446044, -0.0003734257188626 ]
  - [   0.0000049602240324, -0.0000147632345033,  0.0000096137227956 ]
  - [   0.0000085290521383,  0.0000042201681936,  0.0000130430998979 ]

force_constants:
  format: "full"
  shape: [ 64, 64 ]
  elements:
  - # (1, 1)
    - [     1.206383271727417,    -0.003352360988454,    -0.003179821236926 ]
    - [    -0.003352360988454,     1.216430469041322,    -0.004376936673419 ]
    - [    -0.003179821236926,    -0.004376936673419,     1.224424226960838 ]
  - # (1, 2)
    - [    -0.376892334662670,     0.000057702528633,     0.000034238834410 ]
    - [     0.000057702528633,     0.017376218688083,     0.002148607790173 ]
    - [     0.000034238834410,     0.002148607790173,     0.015838413072341 ]
  - # (1, 3)
    - [    -0.006063015081281,     0.000054369489323,     0.000013710407890 ]
    - [     0.000054369489323,     0.003998867881823,    -0.002177250679760 ]
    - [     0.000013710407890,    -0.002177250679760,     0.005508064841908 ]
  - # (1, 4)
    - [    -0.376892334662670,     0.000057702528633,     0.000034238834410 ]
    - [     0.000057702528633,     0.017376218688083,     0.002148607790173 ]
    - [     0.000034238834410,     0.002148607790173,     0.015838413072341 ]
  - # (1, 5)
    - [    -0.081940158617044,    -0.171989795095026,     0.001841966774120 ]
    - [    -0.171989795095026,    -0.279430079175174,    -0.001050784547478 ]
    - [     0.001841966774120,    -0.001050784547478,     0.016112380008457 ]
  - # (1, 6)
    - [     0.003274227145766,     0.003733953206220,     0.000813273277500 ]
    - [     0.003733953206220,    -0.001130270505656,     0.000454396942723 ]
    - [     0.000813273277500,     0.000454396942723,     0.000103115229643 ]
  - # (1, 7)
    - [     0.003187008786654,    -0.003837722921778,    -0.000843806345844 ]
    - [    -0.003837722921778,    -0.001114925617023,     0.000450589199010 ]
    - [    -0.000843806345844,     0.000450589199010,     0.000103082206130 ]
  - # (1, 8)
    - [    -0.081771286551202,     0.172777556893401,    -0.001846717654999 ]
    - [     0.172777556893401,    -0.281440307433014,    -0.001059685408153 ]
    - [    -0.001846717654999,    -0.001059685408153,     0.016449838641585 ]
  - # (1, 9)
    - [     0.001373863432264,    -0.004415232641468,    -0.001902103031015 ]
    - [    -0.004415232641468,    -0.003675858639630,     0.001130060648470 ]
    - [    -0.001902103031015,     0.001130060648470,     0.005522906392836 ]
  - # (1, 10)
    - [    -0.003201618511639,     0.000050732765263,     0.000024697711858 ]
    - [     0.000050732765263,     0.005535004993979,    -0.000922561703262 ]
    - [     0.000024697711858,    -0.000922561703262,     0.000110035527607 ]
  - # (1, 11)
    - [     0.001328973684167,     0.004569892796757,     0.001928919677723 ]
    - [     0.004569892796757,    -0.003837946462780,     0.001135612108485 ]
    - [     0.001928919677723,     0.001135612108485,     0.005554006408887 ]
  - # (1, 12)
    - [    -0.003201618511639,     0.000050732765263,     0.000024697711858 ]
    - [     0.000050732765263,     0.005535004993979,    -0.000922561703262 ]
    - [     0.000024697711858,    -0.000922561703262,     0.000110035527607 ]
  - # (1, 13)
    - [    -0.081940158617044,    -0.171989795095026,     0.001841966774120 ]
    - [    -0.171989795095026,    -0.279430079175174,    -0.001050784547478 ]
    - [     0.001841966774120,    -0.001050784547478,     0.016112380008457 ]
  - # (1, 14)
    - [    -0.081771286551202,     0.172777556893401,    -0.001846717654999 ]
    - [     0.172777556893401,    -0.281440307433014,    -0.001059685408153 ]
    - [    -0.001846717654999,    -0.001059685408153,     0.016449838641585 ]
  - # (1, 15)
    - [     0.003187008786654,    -0.003837722921778,    -0.000843806345844 ]
    - [    -0.003837722921778,    -0.001114925617023,     0.000450589199010 ]
    - [    -0.000843806345844,     0.000450589199010,     0.000103082206130 ]
  - # (1, 16)
    - [     0.003274227145766,     0.003733953206220,     0.000813273277500 ]
    - [     0.003733953206220,    -0.001130270505656,     0.000454396942723 ]
    - [     0.000813273277500,     0.000454396942723,     0.000103115229643 ]
  - # (1, 17)
    - [    -0.082300874402108,    -0.056086387379243,    -0.163060029720886 ]
    - [    -0.056086387379243,    -0.017677616748862,    -0.094224853360762 ]
    - [    -0.163060029720886,    -0.094224853360762,    -0.245591496711846 ]
  - # (1, 18)
    - [     0.003202608439778,     0.001999629021517,     0.003266299549887 ]
    - [     0.001999629021517,     0.000263729457947,    -0.000032268967803 ]
    - [     0.003266299549887,    -0.000032268967803,    -0.001253784081136 ]
  - # (1, 19)
    - [     0.003299652252053,    -0.002055630814195,    -0.003314217465213 ]
    - [    -0.002055630814195,     0.000258089389769,    -0.000023046802872 ]
    - [    -0.003314217465213,    -0.000023046802872,    -0.001246079674682 ]
  - # (1, 20)
    - [    -0.082107656982089,     0.056636262206844,     0.164616626384843 ]
    - [     0.056636262206844,    -0.017628786015380,    -0.095690391600246 ]
    - [     0.164616626384843,    -0.095690391600246,    -0.249093050765732 ]
  - # (1, 21)
    - [     0.002866786070399,     0.002336644685577,     0.001646586208833 ]
    - [     0.002336644685577,     0.000775372036678,     0.002872936509523 ]
    - [     0.001646586208833,     0.002872936509523,    -0.001252655710510 ]
  - # (1, 22)
    - [    -0.001595966733703,     0.000013285348299,     0.000012448587598 ]
    - [     0.000013285348299,    -0.001613483401797,     0.000016111204924 ]
    - [     0.000012448587598,     0.000016111204924,    -0.001638734745309 ]
  - # (1, 23)
    - [     0.002909392622996,    -0.002325871129844,    -0.001642472144984 ]
    - [    -0.002325871129844,     0.000841630147592,     0.002936486275861 ]
    - [    -0.001642472144984,     0.002936486275861,    -0.001243602495441 ]
  - # (1, 24)
    - [    -0.014058369180248,     0.000141596888329,     0.000113454884133 ]
    - [     0.000141596888329,     0.065409637160903,     0.055967387857668 ]
    - [     0.000113454884133,     0.055967387857668,     0.025513611103835 ]
  - # (1, 25)
    - [    -0.000758090192221,     0.000306751826315,    -0.001699165301431 ]
    - [     0.000306751826315,     0.004350683648795,    -0.002901736307152 ]
    - [    -0.001699165301431,    -0.002901736307152,    -0.001235818547009 ]
  - # (1, 26)
    - [    -0.000702341259284,    -0.000323172804397,     0.001719956478070 ]
    - [    -0.000323172804397,     0.004388013530914,    -0.002927598912833 ]
    - [     0.001719956478070,    -0.002927598912833,    -0.001233897726239 ]
  - # (1, 27)
    - [     0.000260325595036,     0.000188421522381,    -0.000531778920101 ]
    - [     0.000188421522381,     0.000078192834634,    -0.000307465493270 ]
    - [    -0.000531778920101,    -0.000307465493270,     0.000048974129691 ]
  - # (1, 28)
    - [     0.000272945743518,    -0.000233751304127,     0.000505486032185 ]
    - [    -0.000233751304127,     0.000096877274758,    -0.000305813402017 ]
    - [     0.000505486032185,    -0.000305813402017,     0.000053930189505 ]
  - # (1, 29)
    - [     0.015750214168975,     0.000187684881974,    -0.000210213822182 ]
    - [     0.000187684881974,    -0.115255299675015,     0.191810502641572 ]
    - [    -0.000210213822182,     0.191810502641572,    -0.251387556658982 ]
  - # (1, 30)
    - [     0.045684002924418,    -0.034247825631941,     0.048532656884821 ]
    - [    -0.034247825631941,     0.005662475563136,    -0.027858979837071 ]
    - [     0.048532656884821,    -0.027858979837071,     0.025467650972806 ]
  - # (1, 31)
    - [    -0.000051292937542,    -0.000001375606164,     0.000004692413364 ]
    - [    -0.000001375606164,     0.000464483365007,     0.000604784005286 ]
    - [     0.000004692413364,     0.000604784005286,     0.000054540823343 ]
  - # (1, 32)
    - [     0.045376125143548,     0.034213819480510,    -0.048372191119584 ]
    - [     0.034213819480510,     0.005602957530741,    -0.027829339243989 ]
    - [    -0.048372191119584,    -0.027829339243989,     0.025355989441086 ]
  - # (1, 33)
    - [     0.001332512709951,    -0.003288753175415,    -0.003602163392334 ]
    - [    -0.003288753175415,     0.005195862331030,    -0.002072293897261 ]
    - [    -0.003602163392334,    -0.002072293897261,    -0.003432190892319 ]
  - # (1, 34)
    - [    -0.003215810994561,     0.000052950317538,     0.000022975788710 ]
    - [     0.000052950317538,     0.000151676605038,     0.001001188115404 ]
    - [     0.000022975788710,     0.001001188115404,     0.005531369677660 ]
  - # (1, 35)
    - [     0.001280358645772,     0.003341223207833,     0.003695909032349 ]
    - [     0.003341223207833,     0.005168647951643,    -0.002158547747187 ]
    - [     0.003695909032349,    -0.002158547747187,    -0.003657454322343 ]
  - # (1, 36)
    - [    -0.003215810994561,     0.000052950317538,     0.000022975788710 ]
    - [     0.000052950317538,     0.000151676605038,     0.001001188115404 ]
    - [     0.000022975788710,     0.001001188115404,     0.005531369677660 ]
  - # (1, 37)
    - [    -0.000729310323777,    -0.001500624711868,     0.000868360365101 ]
    - [    -0.001500624711868,    -0.002460825376836,    -0.000500098194580 ]
    - [     0.000868360365101,    -0.000500098194580,     0.005563973774700 ]
  - # (1, 38)
    - [    -0.000846135463917,     0.001468422283635,    -0.000906525296030 ]
    - [     0.001468422283635,    -0.002462637613256,    -0.000503261581690 ]
    - [    -0.000906525296030,    -0.000503261581690,     0.005626147702659 ]
  - # (1, 39)
    - [     0.000411587114968,    -0.000407304496061,     0.000353831209192 ]
    - [    -0.000407304496061,    -0.000141649066923,    -0.000224908385978 ]
    - [     0.000353831209192,    -0.000224908385978,     0.000281909101049 ]
  - # (1, 40)
    - [     0.000277025372952,     0.000390728385149,    -0.000401700778993 ]
    - [     0.000390728385149,    -0.000139652875877,    -0.000224587951369 ]
    - [    -0.000401700778993,    -0.000224587951369,     0.000257972058907 ]
  - # (1, 41)
    - [     0.007229523561136,     0.000007715380528,    -0.000000724631966 ]
    - [     0.000007715380528,    -0.000702770738370,     0.004374431370003 ]
    - [    -0.000000724631966,     0.004374431370003,    -0.003820975512821 ]
  - # (1, 42)
    - [    -0.000439926571971,    -0.000011881259024,    -0.000033261650962 ]
    - [    -0.000011881259024,     0.000606762970815,     0.000403239484004 ]
    - [    -0.000033261650962,     0.000403239484004,     0.000296145621284 ]
  - # (1, 43)
    - [    -0.005186944673596,     0.000013547755062,     0.000015330847448 ]
    - [     0.000013547755062,    -0.005309814752990,    -0.000012771780580 ]
    - [     0.000015330847448,    -0.000012771780580,    -0.005283388207793 ]
  - # (1, 44)
    - [    -0.000439926571971,    -0.000011881259024,    -0.000033261650962 ]
    - [    -0.000011881259024,     0.000606762970815,     0.000403239484004 ]
    - [    -0.000033261650962,     0.000403239484004,     0.000296145621284 ]
  - # (1, 45)
    - [    -0.000729310323777,    -0.001500624711868,     0.000868360365101 ]
    - [    -0.001500624711868,    -0.002460825376836,    -0.000500098194580 ]
    - [     0.000868360365101,    -0.000500098194580,     0.005563973774700 ]
  - # (1, 46)
    - [     0.000277025372952,     0.000390728385149,    -0.000401700778993 ]
    - [     0.000390728385149,    -0.000139652875877,    -0.000224587951369 ]
    - [    -0.000401700778993,    -0.000224587951369,     0.000257972058907 ]
  - # (1, 47)
    - [     0.000411587114968,    -0.000407304496061,     0.000353831209192 ]
    - [    -0.000407304496061,    -0.000141649066923,    -0.000224908385978 ]
    - [     0.000353831209192,    -0.000224908385978,     0.000281909101049 ]
  - # (1, 48)
    - [    -0.000846135463917,     0.001468422283635,    -0.000906525296030 ]
    - [     0.001468422283635,    -0.002462637613256,    -0.000503261581690 ]
    - [    -0.000906525296030,    -0.000503261581690,     0.005626147702659 ]
  - # (1, 49)
    - [    -0.082300874402108,    -0.056086387379243,    -0.163060029720886 ]
    - [    -0.056086387379243,    -0.017677616748862,    -0.094224853360762 ]
    - [    -0.163060029720886,    -0.094224853360762,    -0.245591496711846 ]
  - # (1, 50)
    - [    -0.082107656982089,     0.056636262206844,     0.164616626384843 ]
    - [     0.056636262206844,    -0.017628786015380,    -0.095690391600246 ]
    - [     0.164616626384843,    -0.095690391600246,    -0.249093050765732 ]
  - # (1, 51)
    - [     0.003299652252053,    -0.002055630814195,    -0.003314217465213 ]
    - [    -0.002055630814195,     0.000258089389769,    -0.000023046802872 ]
    - [    -0.003314217465213,    -0.000023046802872,    -0.001246079674682 ]
  - # (1, 52)
    - [     0.003202608439778,     0.001999629021517,     0.003266299549887 ]
    - [     0.001999629021517,     0.000263729457947,    -0.000032268967803 ]
    - [     0.003266299549887,    -0.000032268967803,    -0.001253784081136 ]
  - # (1, 53)
    - [     0.015750214168975,     0.000187684881974,    -0.000210213822182 ]
    - [     0.000187684881974,    -0.115255299675015,     0.191810502641572 ]
    - [    -0.000210213822182,     0.191810502641572,    -0.251387556658982 ]
  - # (1, 54)
    - [     0.045376125143548,     0.034213819480510,    -0.048372191119584 ]
    - [     0.034213819480510,     0.005602957530741,    -0.027829339243989 ]
    - [    -0.048372191119584,    -0.027829339243989,     0.025355989441086 ]
  - # (1, 55)
    - [    -0.000051292937542,    -0.000001375606164,     0.000004692413364 ]
    - [    -0.000001375606164,     0.000464483365007,     0.000604784005286 ]
    - [     0.000004692413364,     0.000604784005286,     0.000054540823343 ]
  - # (1, 56)
    - [     0.045684002924418,    -0.034247825631941,     0.048532656884821 ]
    - [    -0.034247825631941,     0.005662475563136,    -0.027858979837071 ]
    - [     0.048532656884821,    -0.027858979837071,     0.025467650972806 ]
  - # (1, 57)
    - [    -0.000758090192221,     0.000306751826315,    -0.001699165301431 ]
    - [     0.000306751826315,     0.004350683648795,    -0.002901736307152 ]
    - [    -0.001699165301431,    -0.002901736307152,    -0.001235818547009 ]
  - # (1, 58)
    - [     0.000272945743518,    -0.000233751304127,     0.000505486032185 ]
    - [    -0.000233751304127,     0.000096877274758,    -0.000305813402017 ]
    - [     0.000505486032185,    -0.000305813402017,     0.000053930189505 ]
  - # (1, 59)
    - [     0.000260325595036,     0.000188421522381,    -0.000531778920101 ]
    - [     0.000188421522381,     0.000078192834634,    -0.000307465493270 ]
    - [    -0.000531778920101,    -0.000307465493270,     0.000048974129691 ]
  - # (1, 60)
    - [    -0.000702341259284,    -0.000323172804397,     0.001719956478070 ]
    - [    -0.000323172804397,     0.004388013530914,    -0.002927598912833 ]
    - [     0.001719956478070,    -0.002927598912833,    -0.001233897726239 ]
  - # (1, 61)
    - [     0.002866786070399,     0.002336644685577,     0.001646586208833 ]
    - [     0.002336644685577,     0.000775372036678,     0.002872936509523 ]
    - [     0.001646586208833,     0.002872936509523,    -0.001252655710510 ]
  - # (1, 62)
    - [    -0.014058369180248,     0.000141596888329,     0.000113454884133 ]
    - [     0.000141596888329,     0.065409637160903,     0.055967387857668 ]
    - [     0.000113454884133,     0.055967387857668,     0.025513611103835 ]
