phonopy:
  version: "2.37.1"
  frequency_unit_conversion_factor: 15.633302
  symmetry_tolerance: 1.00000e-05

space_group:
  type: "I4_1/amd"
  number: 141
  Hall_symbol: "I 4bw 2bw -1bw"

primitive_matrix:
- [  0.000000000000000,  0.999999999999999,  0.000000000000000 ]
- [  0.000000000000000,  1.000000000000000, -1.000000000000000 ]
- [ -1.000000000000000,  1.000000000000000,  0.000000000000000 ]

supercell_matrix:
- [   1,   0,   0 ]
- [   0,   1,   0 ]
- [   0,   0,   1 ]

primitive_cell:
  lattice:
  - [    12.542773297560826,     2.235914037068328,    -2.271162825464797 ] # a
  - [    12.542771678595939,     2.235915005067748,     2.271162825464797 ] # b
  - [   -12.144191127084735,    -4.471829042136076,     0.000000000000000 ] # c
  points:
  - symbol: Li # 1
    coordinates: [  0.425974141726749,  0.425974131143218,  0.999999995769927 ]
    mass: 6.940000
  - symbol: Li # 2
    coordinates: [  0.824025877145327,  0.324025870457245,  0.500000008303111 ]
    mass: 6.940000
  - symbol: Li # 3
    coordinates: [  0.574025861672037,  0.574025859544314,  0.999999990260023 ]
    mass: 6.940000
  - symbol: Li # 4
    coordinates: [  0.675974130564480,  0.175974135497124,  0.499999995902648 ]
    mass: 6.940000
  - symbol: Sn # 5
    coordinates: [  0.999999982734618,  0.999999999261449,  0.000000000002624 ]
    mass: 118.710000
  - symbol: Sn # 6
    coordinates: [  0.250000005812309,  0.750000004523820,  0.500000009658702 ]
    mass: 118.710000
  reciprocal_lattice: # without 2pi
  - [     0.077271668147124,    -0.209847446725980,    -0.220151470549678 ] # a*
  - [     0.077271668147124,    -0.209847446725980,     0.220151615071384 ] # b*
  - [     0.077271668147124,    -0.433469591172344,     0.000000119916200 ] # c*

unit_cell:
  lattice:
  - [    12.941353849072033,     0.000000000000000,     0.000000000000000 ] # a
  - [    12.144191127084738,     4.471829042136076,     0.000000000000000 ] # b
  - [   -12.542773297560826,    -2.235914037068328,     2.271162825464797 ] # c
  points:
  - symbol: Li # 1
    coordinates: [  0.425974131143218,  0.425974135373291,  0.999999989416469 ]
    mass: 6.940000
    reduced_to: 1
  - symbol: Li # 2
    coordinates: [  0.324025870457244,  0.824025862154134,  0.499999993311918 ]
    mass: 6.940000
    reduced_to: 2
  - symbol: Li # 3
    coordinates: [  0.574025859544313,  0.574025869284291,  0.999999997872277 ]
    mass: 6.940000
    reduced_to: 3
  - symbol: Li # 4
    coordinates: [  0.175974135497124,  0.675974139594476,  0.500000004932644 ]
    mass: 6.940000
    reduced_to: 4
  - symbol: Sn # 5
    coordinates: [  0.999999999261449,  0.999999999258825,  0.000000016526831 ]
    mass: 118.710000
    reduced_to: 5
  - symbol: Sn # 6
    coordinates: [  0.750000004523819,  0.249999994865118,  0.499999998711510 ]
    mass: 118.710000
    reduced_to: 6

supercell:
  lattice:
  - [    12.941353849072033,     0.000000000000000,     0.000000000000000 ] # a
  - [    12.144191127084738,     4.471829042136076,     0.000000000000000 ] # b
  - [   -12.542773297560826,    -2.235914037068328,     2.271162825464797 ] # c
  points:
  - symbol: Li # 1
    coordinates: [  0.425974131143218,  0.425974135373291,  0.999999989416469 ]
    mass: 6.940000
    reduced_to: 1
  - symbol: Li # 2
    coordinates: [  0.324025870457244,  0.824025862154134,  0.499999993311918 ]
    mass: 6.940000
    reduced_to: 2
  - symbol: Li # 3
    coordinates: [  0.574025859544313,  0.574025869284291,  0.999999997872277 ]
    mass: 6.940000
    reduced_to: 3
  - symbol: Li # 4
    coordinates: [  0.175974135497124,  0.675974139594476,  0.500000004932644 ]
    mass: 6.940000
    reduced_to: 4
  - symbol: Sn # 5
    coordinates: [  0.999999999261449,  0.999999999258825,  0.000000016526831 ]
    mass: 118.710000
    reduced_to: 5
  - symbol: Sn # 6
    coordinates: [  0.750000004523819,  0.249999994865118,  0.499999998711510 ]
    mass: 118.710000
    reduced_to: 6

displacements:
- atom:    1
  displacement:
    [   0.0100000000000000,  0.0000000000000000,  0.0000000000000000 ]
  forces:
  - [  -0.0308140590786934, -0.0036503821611404,  0.0003647085977718 ]
  - [   0.0148923620581627,  0.0026641394942999, -0.0003582930658013 ]
  - [   0.0077905505895615,  0.0014367904514074, -0.0000007835915312 ]
  - [  -0.0091173648834229, -0.0016269003972411, -0.0000005363835953 ]
  - [   0.0163220539689064,  0.0010239197872579, -0.0000420996802859 ]
  - [   0.0009264372638427,  0.0001524367544334,  0.0000370064517483 ]
- atom:    1
  displacement:
    [  -0.0100000000000000,  0.0000000000000000,  0.0000000000000000 ]
  forces:
  - [   0.0133424177765846,  0.0006140703335404, -0.0003756876103580 ]
  - [   0.0025831162929535,  0.0004497021436691,  0.0003680307418108 ]
  - [   0.0096222162246704,  0.0016917930915952, -0.0000007468042895 ]
  - [  -0.0084257349371910, -0.0015035793185234, -0.0000006111513358 ]
  - [  -0.0161835718899965, -0.0011027862783521,  0.0000462887110189 ]
  - [  -0.0009384479490109, -0.0001492153824074, -0.0000372716458514 ]
- atom:    5
  displacement:
    [   0.0100000000000000,  0.0000000000000000,  0.0000000000000000 ]
  forces:
  - [   0.0074257701635361, -0.0004611574113369, -0.0000451126252301 ]
  - [   0.0097103789448738,  0.0017148889601231,  0.0000371630303562 ]
  - [   0.0250793844461441,  0.0025884145870805,  0.0000447257189080 ]
  - [  -0.0078458115458488, -0.0014154771342874, -0.0000384577142540 ]
  - [  -0.0353808589279652, -0.0026091770268977,  0.0000016128178686 ]
  - [   0.0010111231822520,  0.0001825100189308,  0.0000000745058060 ]

force_constants:
  format: "full"
  shape: [ 6, 6 ]
  elements:
  - # (1, 1)
    - [     2.207817174217485,     0.213208741634091,    -0.037021146893983 ]
    - [     0.213208741634091,     1.049790850885263,     0.207678013870427 ]
    - [    -0.037021146893983,     0.207678013870427,     1.011783469447113 ]
  - # (1, 2)
    - [    -0.615468970223784,    -0.110735735934253,     0.036314599102721 ]
    - [    -0.110735663656087,    -0.014016611013965,    -0.203713829184462 ]
    - [     0.036314523322253,    -0.203713850326846,     0.005723592547201 ]
  - # (1, 3)
    - [     0.091576612878130,     0.012736250550113,    -0.000000088311638 ]
    - [     0.012736252083913,     0.022400631312301,     0.000000024062833 ]
    - [    -0.000000004615221,     0.000000042232327,     0.020130228215060 ]
  - # (1, 4)
    - [     0.034574825897455,     0.006152200586735,     0.000000013197804 ]
    - [     0.006152157196818,     0.001159745724488,     0.000000002335236 ]
    - [     0.000000018299070,     0.000000003244618,     0.000063039105722 ]
  - # (1, 5)
    - [    -1.625266417394959,    -0.106341981433954,     0.004454907459550 ]
    - [    -0.106341995285557,    -1.047678525500134,    -0.024990657686218 ]
    - [     0.004454883173831,    -0.024990660379575,    -1.028721646397649 ]
  - # (1, 6)
    - [    -0.093233225374327,    -0.015019475402732,    -0.003748284554454 ]
    - [    -0.015019491973178,    -0.011656091407953,     0.021026446602184 ]
    - [    -0.003748273285950,     0.021026451359049,    -0.008978682917448 ]
  - # (2, 1)
    - [    -0.615468970223784,    -0.110735663656087,     0.036314523322253 ]
    - [    -0.110735735934253,    -0.014016611013965,    -0.203713850326846 ]
    - [     0.036314599102721,    -0.203713829184462,     0.005723592547201 ]
  - # (2, 2)
    - [     2.207817300879522,     0.213208402702054,    -0.037020738017850 ]
    - [     0.213208402702054,     1.049790667617754,     0.207677992759535 ]
    - [    -0.037020738017850,     0.207677992759535,     1.011783517493770 ]
  - # (2, 3)
    - [     0.034574825265834,     0.006152159206212,    -0.000000071227730 ]
    - [     0.006152202770824,     0.001159742076570,    -0.000000012714718 ]
    - [    -0.000000034168234,    -0.000000006108386,     0.000063034826139 ]
  - # (2, 4)
    - [     0.091576610640328,     0.012736258161141,     0.000000061195609 ]
    - [     0.012736256802037,     0.022400632570042,    -0.000000040034392 ]
    - [     0.000000033485484,    -0.000000048223588,     0.020130229195221 ]
  - # (2, 5)
    - [    -0.093233226264005,    -0.015019489145092,    -0.003748138584036 ]
    - [    -0.015019474040258,    -0.011656086918767,     0.021026330226744 ]
    - [    -0.003748184678673,     0.021026319261660,    -0.008978679060938 ]
  - # (2, 6)
    - [    -1.625266540297894,    -0.106341667268228,     0.004454363311754 ]
    - [    -0.106341652300404,    -1.047678344331634,    -0.024990419910323 ]
    - [     0.004454324276551,    -0.024990428504759,    -1.028721695001393 ]
  - # (3, 1)
    - [     0.091576612878130,     0.012736252083913,    -0.000000004615221 ]
    - [     0.012736250550113,     0.022400631312301,     0.000000042232327 ]
    - [    -0.000000088311638,     0.000000024062833,     0.020130228215060 ]
  - # (3, 2)
    - [     0.034574825265834,     0.006152202770824,    -0.000000034168234 ]
    - [     0.006152159206212,     0.001159742076570,    -0.000000006108386 ]
    - [    -0.000000071227730,    -0.000000012714718,     0.000063034826139 ]
  - # (3, 3)
    - [     2.207817173555680,     0.213208743812800,     0.037022477053947 ]
    - [     0.213208743812800,     1.049790847267528,    -0.207678242558614 ]
    - [     0.037022477053947,    -0.207678242558614,     1.011783694978769 ]
  - # (3, 4)
    - [    -0.615468970253966,    -0.110735734405833,    -0.036315033628098 ]
    - [    -0.110735665020572,    -0.014016610983782,     0.203713748557916 ]
    - [    -0.036314989805907,     0.203713764003268,     0.005723367123291 ]
  - # (3, 5)
    - [    -1.625266416124862,    -0.106341988558793,    -0.004455513185060 ]
    - [    -0.106341995920359,    -1.047678521939093,     0.024990785742904 ]
    - [    -0.004455408420193,     0.024990802782741,    -1.028721669220877 ]
  - # (3, 6)
    - [    -0.093233225320816,    -0.015019475702911,     0.003748108542665 ]
    - [    -0.015019492628193,    -0.011656087733524,    -0.021026327866146 ]
    - [     0.003748080711520,    -0.021026335575510,    -0.008978655922381 ]
  - # (4, 1)
    - [     0.034574825897455,     0.006152157196818,     0.000000018299070 ]
    - [     0.006152200586735,     0.001159745724488,     0.000000003244618 ]
    - [     0.000000013197804,     0.000000002335236,     0.000063039105722 ]
  - # (4, 2)
    - [     0.091576610640328,     0.012736256802037,     0.000000033485484 ]
    - [     0.012736258161141,     0.022400632570042,    -0.000000048223588 ]
    - [     0.000000061195609,    -0.000000040034392,     0.020130229195221 ]
  - # (4, 3)
    - [    -0.615468970253966,    -0.110735665020572,    -0.036314989805907 ]
    - [    -0.110735734405833,    -0.014016610983782,     0.203713764003268 ]
    - [    -0.036315033628098,     0.203713748557916,     0.005723367123291 ]
  - # (4, 4)
    - [     2.207817301480961,     0.213208400687279,     0.037022255786005 ]
    - [     0.213208400687279,     1.049790671295854,    -0.207678376001033 ]
    - [     0.037022255786005,    -0.207678376001033,     1.011783751584103 ]
  - # (4, 5)
    - [    -0.093233227310914,    -0.015019483272264,     0.003748300534295 ]
    - [    -0.015019473562329,    -0.011656089599797,    -0.021026441533893 ]
    - [     0.003748295813829,    -0.021026439627282,    -0.008978659521696 ]
  - # (4, 6)
    - [    -1.625266540453862,    -0.106341666393298,    -0.004455618298947 ]
    - [    -0.106341651466994,    -1.047678349006804,     0.024991098510628 ]
    - [    -0.004455592365149,     0.024991104769556,    -1.028721727486640 ]
  - # (5, 1)
    - [    -1.625266417394959,    -0.106341995285557,     0.004454883173831 ]
    - [    -0.106341981433954,    -1.047678525500134,    -0.024990660379575 ]
    - [     0.004454907459550,    -0.024990657686218,    -1.028721646397649 ]
  - # (5, 2)
    - [    -0.093233226264005,    -0.015019474040258,    -0.003748184678673 ]
    - [    -0.015019489145092,    -0.011656086918767,     0.021026319261660 ]
    - [    -0.003748138584036,     0.021026330226744,    -0.008978679060938 ]
  - # (5, 3)
    - [    -1.625266416124862,    -0.106341995920359,    -0.004455408420193 ]
    - [    -0.106341988558793,    -1.047678521939093,     0.024990802782741 ]
    - [    -0.004455513185060,     0.024990785742904,    -1.028721669220877 ]
  - # (5, 4)
    - [    -0.093233227310914,    -0.015019473562329,     0.003748295813829 ]
    - [    -0.015019483272264,    -0.011656089599797,    -0.021026439627282 ]
    - [     0.003748300534295,    -0.021026441533893,    -0.008978659521696 ]
  - # (5, 5)
    - [     3.538098751518785,     0.260945837965666,     0.000000395553952 ]
    - [     0.260945837965666,     2.120792454686605,    -0.000000025034334 ]
    - [     0.000000395553952,    -0.000000025034334,     2.074275413877611 ]
  - # (5, 6)
    - [    -0.101099464424044,    -0.018222899157163,     0.000000018557253 ]
    - [    -0.018222895555563,    -0.002123230728814,     0.000000002996790 ]
    - [     0.000000048221298,     0.000000008284798,     0.001125240323550 ]
  - # (6, 1)
    - [    -0.093233225374327,    -0.015019491973178,    -0.003748273285950 ]
    - [    -0.015019475402732,    -0.011656091407953,     0.021026451359049 ]
    - [    -0.003748284554454,     0.021026446602184,    -0.008978682917448 ]
  - # (6, 2)
    - [    -1.625266540297894,    -0.106341652300404,     0.004454324276551 ]
    - [    -0.106341667268228,    -1.047678344331634,    -0.024990428504759 ]
    - [     0.004454363311754,    -0.024990419910323,    -1.028721695001393 ]
  - # (6, 3)
    - [    -0.093233225320816,    -0.015019492628193,     0.003748080711520 ]
    - [    -0.015019475702911,    -0.011656087733524,    -0.021026335575510 ]
    - [     0.003748108542665,    -0.021026327866146,    -0.008978655922381 ]
  - # (6, 4)
    - [    -1.625266540453862,    -0.106341651466994,    -0.004455592365149 ]
    - [    -0.106341666393298,    -1.047678349006804,     0.024991104769556 ]
    - [    -0.004455618298947,     0.024991098510628,    -1.028721727486640 ]
  - # (6, 5)
    - [    -0.101099464424044,    -0.018222895555563,     0.000000048221298 ]
    - [    -0.018222899157163,    -0.002123230728814,     0.000000008284798 ]
    - [     0.000000018557253,     0.000000002996790,     0.001125240323550 ]
  - # (6, 6)
    - [     3.538098995870943,     0.260945183924332,     0.000001412441729 ]
    - [     0.260945183924332,     2.120792103208729,    -0.000000800333133 ]
    - [     0.000001412441729,    -0.000000800333133,     2.074275521004313 ]