phonopy:
  version: "2.37.1"
  frequency_unit_conversion_factor: 15.633302
  symmetry_tolerance: 1.00000e-05

space_group:
  type: "Immm"
  number: 71
  Hall_symbol: "-I 2 2"

primitive_matrix:
- [  0.000000000000000,  1.000000000000000,  0.000000000000000 ]
- [  0.000000000000000,  1.000000000000000, -1.000000000000000 ]
- [ -1.000000000000000,  1.000000000000000,  0.000000000000000 ]

supercell_matrix:
- [   1,   0,   0 ]
- [   0,   1,   0 ]
- [   0,   0,   1 ]

primitive_cell:
  lattice:
  - [     5.551594826908547,     5.528036396510966,    -7.845319117304610 ] # a
  - [     5.520326034245215,     5.559262079404637,     7.845319117304610 ] # b
  - [     0.015388247281312,   -11.087298475915603,     0.000000000000000 ] # c
  points:
  - symbol: Li # 1
    coordinates: [  0.745323101587352,  0.999999999912089,  0.745323101430915 ]
    mass: 6.940000
  - symbol: Li # 2
    coordinates: [  0.254676898505504,  0.999999999879636,  0.254676898728431 ]
    mass: 6.940000
  - symbol: Ga # 3
    coordinates: [  0.999999996118233,  0.999999999778551,  0.999999995726838 ]
    mass: 69.723000
  - symbol: Sn # 4
    coordinates: [  0.500000003649650,  0.000000000507357,  0.500000003968138 ]
    mass: 118.710000
  reciprocal_lattice: # without 2pi
  - [     0.090193210112561,     0.000125180667168,    -0.063552779763009 ] # a*
  - [     0.090193210112561,     0.000125180667168,     0.063911761200567 ] # b*
  - [     0.090193210112561,    -0.090068115939057,     0.000358982925332 ] # c*

unit_cell:
  lattice:
  - [    11.087309108435072,     0.000000000000000,     0.000000000000000 ] # a
  - [    -0.015388247281312,    11.087298475915603,     0.000000000000000 ] # b
  - [    -5.551594826908547,    -5.528036396510966,     7.845319117304610 ] # c
  points:
  - symbol: Li # 1
    coordinates: [  0.999999999912090,  0.254676898481174,  0.254676898324737 ]
    mass: 6.940000
    reduced_to: 1
  - symbol: Li # 2
    coordinates: [  0.999999999879636,  0.745323101151205,  0.745323101374132 ]
    mass: 6.940000
    reduced_to: 2
  - symbol: Ga # 3
    coordinates: [  0.999999999778551,  0.000000004051712,  0.000000003660318 ]
    mass: 69.723000
    reduced_to: 3
  - symbol: Sn # 4
    coordinates: [  0.000000000507357,  0.499999996539219,  0.499999996857707 ]
    mass: 118.710000
    reduced_to: 4

supercell:
  lattice:
  - [    11.087309108435072,     0.000000000000000,     0.000000000000000 ] # a
  - [    -0.015388247281312,    11.087298475915603,     0.000000000000000 ] # b
  - [    -5.551594826908547,    -5.528036396510966,     7.845319117304610 ] # c
  points:
  - symbol: Li # 1
    coordinates: [  0.999999999912090,  0.254676898481174,  0.254676898324737 ]
    mass: 6.940000
    reduced_to: 1
  - symbol: Li # 2
    coordinates: [  0.999999999879636,  0.745323101151205,  0.745323101374132 ]
    mass: 6.940000
    reduced_to: 2
  - symbol: Ga # 3
    coordinates: [  0.999999999778551,  0.000000004051712,  0.000000003660318 ]
    mass: 69.723000
    reduced_to: 3
  - symbol: Sn # 4
    coordinates: [  0.000000000507357,  0.499999996539219,  0.499999996857707 ]
    mass: 118.710000
    reduced_to: 4

displacements:
- atom:    1
  displacement:
    [   0.0100000000000000,  0.0000000000000000,  0.0000000000000000 ]
  forces:
  - [   0.0617673695087433, -0.0618350766599178, -0.0872626453638077 ]
  - [  -0.0706059858202934,  0.0704555958509445,  0.0994280725717545 ]
  - [   0.0033842697739601, -0.0031905621290207, -0.0045025758445263 ]
  - [   0.0054543428122997, -0.0054299533367157, -0.0076628401875496 ]
- atom:    1
  displacement:
    [  -0.0100000000000000,  0.0000000000000000,  0.0000000000000000 ]
  forces:
  - [   0.0785779282450676, -0.0783316493034363, -0.1105428636074066 ]
  - [  -0.0697461068630219,  0.0697097182273865,  0.0983754843473434 ]
  - [  -0.0033834278583527,  0.0031429417431355,  0.0044353567063808 ]
  - [  -0.0054483879357576,  0.0054789856076241,  0.0077320281416178 ]
- atom:    3
  displacement:
    [   0.0100000000000000,  0.0000000000000000,  0.0000000000000000 ]
  forces:
  - [   0.0735625028610229, -0.0732317566871643, -0.1033458188176155 ]
  - [  -0.0667946934700012,  0.0668983086943626,  0.0944079756736755 ]
  - [  -0.0058263465762138,  0.0053343474864960,  0.0075279138982296 ]
  - [  -0.0009414739906788,  0.0009990930557251,  0.0014099329710007 ]
- atom:    4
  displacement:
    [   0.0100000000000000,  0.0000000000000000,  0.0000000000000000 ]
  forces:
  - [   0.0756274610757828, -0.0755642801523209, -0.1066375225782394 ]
  - [  -0.0647252574563026,  0.0646557658910751,  0.0912432521581650 ]
  - [  -0.0009413845837116,  0.0009990148246288,  0.0014098137617111 ]
  - [  -0.0099608134478331,  0.0099095031619072,  0.0139844529330730 ]

force_constants:
  format: "full"
  shape: [ 4, 4 ]
  elements:
  - # (1, 1)
    - [     0.840522604994477,    -0.824822449134014,    -1.164002195135470 ]
    - [    -0.824822449134014,     0.838233054371014,     1.162387791609866 ]
    - [    -1.164002195135470,     1.162387791609866,     1.654935255553068 ]
  - # (1, 2)
    - [     0.042988616041839,    -0.037287710576807,    -0.052620714054807 ]
    - [    -0.037287710576807,     0.042885112431950,     0.052547732176730 ]
    - [    -0.052620714054807,     0.052547732176730,     0.079805733559204 ]
  - # (1, 3)
    - [    -0.338390853721649,     0.316675002340678,     0.446896200456699 ]
    - [     0.316675002340782,    -0.337511823998571,    -0.446276381349381 ]
    - [     0.446896200456866,    -0.446276381349401,    -0.651069214151917 ]
  - # (1, 4)
    - [    -0.545120367314667,     0.545435157370143,     0.769726708733578 ]
    - [     0.545435157370039,    -0.543606342804393,    -0.768659142437215 ]
    - [     0.769726708733412,    -0.768659142437196,    -1.083671774960355 ]
  - # (2, 1)
    - [     0.042988616041839,    -0.037287710576807,    -0.052620714054807 ]
    - [    -0.037287710576807,     0.042885112431950,     0.052547732176730 ]
    - [    -0.052620714054807,     0.052547732176730,     0.079805733559204 ]
  - # (2, 2)
    - [     0.840522604994477,    -0.824822449134013,    -1.164002195135470 ]
    - [    -0.824822449134013,     0.838233054371014,     1.162387791609866 ]
    - [    -1.164002195135470,     1.162387791609866,     1.654935255553069 ]
  - # (2, 3)
    - [    -0.338390853721649,     0.316675002340678,     0.446896200456699 ]
    - [     0.316675002340782,    -0.337511823998571,    -0.446276381349381 ]
    - [     0.446896200456865,    -0.446276381349401,    -0.651069214151917 ]
  - # (2, 4)
    - [    -0.545120367314667,     0.545435157370143,     0.769726708733578 ]
    - [     0.545435157370038,    -0.543606342804393,    -0.768659142437215 ]
    - [     0.769726708733411,    -0.768659142437195,    -1.083671774960355 ]
  - # (3, 1)
    - [    -0.338390853721649,     0.316675002340782,     0.446896200456866 ]
    - [     0.316675002340678,    -0.337511823998571,    -0.446276381349401 ]
    - [     0.446896200456699,    -0.446276381349381,    -0.651069214151917 ]
  - # (3, 2)
    - [    -0.338390853721649,     0.316675002340782,     0.446896200456865 ]
    - [     0.316675002340678,    -0.337511823998571,    -0.446276381349401 ]
    - [     0.446896200456699,    -0.446276381349381,    -0.651069214151917 ]
  - # (3, 3)
    - [     0.582633633166552,    -0.533438488796148,    -0.752796440424557 ]
    - [    -0.533438488796148,     0.581152909132080,     0.751752355428360 ]
    - [    -0.752796440424557,     0.751752355428360,     1.109339781096675 ]
  - # (3, 4)
    - [     0.094148074276745,    -0.099911515885416,    -0.140995960489174 ]
    - [    -0.099911515885208,     0.093870738865062,     0.140800407270441 ]
    - [    -0.140995960488840,     0.140800407270401,     0.192798647207159 ]
  - # (4, 1)
    - [    -0.545120367314667,     0.545435157370039,     0.769726708733412 ]
    - [     0.545435157370143,    -0.543606342804393,    -0.768659142437196 ]
    - [     0.769726708733578,    -0.768659142437215,    -1.083671774960355 ]
  - # (4, 2)
    - [    -0.545120367314667,     0.545435157370038,     0.769726708733411 ]
    - [     0.545435157370143,    -0.543606342804393,    -0.768659142437195 ]
    - [     0.769726708733578,    -0.768659142437215,    -1.083671774960355 ]
  - # (4, 3)
    - [     0.094148074276745,    -0.099911515885208,    -0.140995960488840 ]
    - [    -0.099911515885416,     0.093870738865062,     0.140800407270401 ]
    - [    -0.140995960489174,     0.140800407270441,     0.192798647207159 ]
  - # (4, 4)
    - [     0.996092660352588,    -0.990958798854869,    -1.398457456977982 ]
    - [    -0.990958798854869,     0.993341946743724,     1.396517877603990 ]
    - [    -1.398457456977982,     1.396517877603990,     1.974544902713551 ]