phonopy:
  version: "2.37.1"
  frequency_unit_conversion_factor: 15.633302
  symmetry_tolerance: 1.00000e-05

space_group:
  type: "R-3m"
  number: 166
  Hall_symbol: "-R 3 2\""

primitive_matrix:
- [ -1.000000000000000, -0.000000000000000, -0.000000000000000 ]
- [  0.000000000000000,  0.000000000000000, -1.000000000000000 ]
- [  0.000000000000000, -1.000000000000000,  0.000000000000000 ]

supercell_matrix:
- [   1,   0,   0 ]
- [   0,   1,   0 ]
- [   0,   0,   1 ]

primitive_cell:
  lattice:
  - [   -12.278685159151051,     0.000000000000000,     0.000000000000000 ] # a
  - [   -11.824890435198860,    -1.622504997154125,    -2.881935148622574 ] # b
  - [   -11.824890463455857,    -3.307274208910988,     0.000000000000001 ] # c
  points:
  - symbol: Li # 1
    coordinates: [  0.603686534917810,  0.603686463203419,  0.603686479710044 ]
    mass: 6.940000
  - symbol: Li # 2
    coordinates: [  0.396313547403601,  0.396313509550762,  0.396313543069211 ]
    mass: 6.940000
  - symbol: Sn # 3
    coordinates: [  0.999999991872636,  0.000000080762225,  0.000000011694361 ]
    mass: 118.710000
  - symbol: Sn # 4
    coordinates: [  0.204739569191452,  0.204739621858445,  0.204739661149381 ]
    mass: 118.710000
  - symbol: Sn # 5
    coordinates: [  0.795260449419558,  0.795260418010440,  0.795260397573533 ]
    mass: 118.710000
  reciprocal_lattice: # without 2pi
  - [    -0.081441944885664,     0.291189062826724,     0.170228107243833 ] # a*
  - [    -0.000000000000000,    -0.000000000000000,    -0.346989071033729 ] # b*
  - [    -0.000000000000000,    -0.302363800771536,     0.170228250259138 ] # c*

unit_cell:
  lattice:
  - [    12.278685159151054,     0.000000000000000,     0.000000000000000 ] # a
  - [    11.824890463455857,     3.307274208910989,     0.000000000000000 ] # b
  - [    11.824890435198862,     1.622504997154126,     2.881935148622575 ] # c
  points:
  - symbol: Li # 1
    coordinates: [  0.396313465082190,  0.396313520289956,  0.396313536796581 ]
    mass: 6.940000
    reduced_to: 1
  - symbol: Li # 2
    coordinates: [  0.603686452596400,  0.603686456930789,  0.603686490449237 ]
    mass: 6.940000
    reduced_to: 2
  - symbol: Sn # 3
    coordinates: [  0.000000008127365,  0.999999988305639,  0.999999919237774 ]
    mass: 118.710000
    reduced_to: 3
  - symbol: Sn # 4
    coordinates: [  0.795260430808548,  0.795260338850619,  0.795260378141554 ]
    mass: 118.710000
    reduced_to: 4
  - symbol: Sn # 5
    coordinates: [  0.204739550580442,  0.204739602426467,  0.204739581989560 ]
    mass: 118.710000
    reduced_to: 5

supercell:
  lattice:
  - [    12.278685159151054,     0.000000000000000,     0.000000000000000 ] # a
  - [    11.824890463455857,     3.307274208910989,     0.000000000000000 ] # b
  - [    11.824890435198862,     1.622504997154126,     2.881935148622575 ] # c
  points:
  - symbol: Li # 1
    coordinates: [  0.396313465082190,  0.396313520289956,  0.396313536796581 ]
    mass: 6.940000
    reduced_to: 1
  - symbol: Li # 2
    coordinates: [  0.603686452596400,  0.603686456930789,  0.603686490449237 ]
    mass: 6.940000
    reduced_to: 2
  - symbol: Sn # 3
    coordinates: [  0.000000008127365,  0.999999988305639,  0.999999919237774 ]
    mass: 118.710000
    reduced_to: 3
  - symbol: Sn # 4
    coordinates: [  0.795260430808548,  0.795260338850619,  0.795260378141554 ]
    mass: 118.710000
    reduced_to: 4
  - symbol: Sn # 5
    coordinates: [  0.204739550580442,  0.204739602426467,  0.204739581989560 ]
    mass: 118.710000
    reduced_to: 5

displacements:
- atom:    1
  displacement:
    [   0.0100000000000000,  0.0000000000000000,  0.0000000000000000 ]
  forces:
  - [  -0.0479416251182556, -0.0054616825655103, -0.0031928454991430 ]
  - [   0.0136540457606316,  0.0018567233346403,  0.0010855363216251 ]
  - [   0.0217197928577662,  0.0023759491741657,  0.0013890899717808 ]
  - [   0.0240187533199787,  0.0028268555179238,  0.0016523236408830 ]
  - [  -0.0114509686827660, -0.0015978533774614, -0.0009341016411781 ]
- atom:    1
  displacement:
    [  -0.0100000000000000,  0.0000000000000000,  0.0000000000000000 ]
  forces:
  - [   0.0126070640981197,  0.0006081475876272,  0.0003556096926332 ]
  - [   0.0217579454183578,  0.0029979217797518,  0.0017526743467897 ]
  - [  -0.0220988821238279, -0.0023899227380753, -0.0013971105217934 ]
  - [  -0.0019273608922958,  0.0001751407980919,  0.0001022098585963 ]
  - [  -0.0103387683629990, -0.0013912925496697, -0.0008133873343468 ]
- atom:    3
  displacement:
    [   0.0100000000000000,  0.0000000000000000,  0.0000000000000000 ]
  forces:
  - [   0.0044732429087162, -0.0000270484015346, -0.0000157014001161 ]
  - [   0.0393379777669907,  0.0047922199591994,  0.0028017505537719 ]
  - [  -0.0437062606215477, -0.0048206150531769, -0.0028182454407215 ]
  - [   0.0108079537749290,  0.0015185596421361,  0.0008874749764800 ]
  - [  -0.0109129250049591, -0.0014631189405918, -0.0008552731014788 ]
- atom:    4
  displacement:
    [   0.0100000000000000,  0.0000000000000000,  0.0000000000000000 ]
  forces:
  - [  -0.0048408992588520, -0.0011053374037147, -0.0006459765136242 ]
  - [   0.0170595981180668,  0.0023125768639147,  0.0013520903885365 ]
  - [  -0.0000416096299887,  0.0000300519168377,  0.0000175219029188 ]
  - [  -0.0137838721275330, -0.0014999089762568, -0.0008771084249020 ]
  - [   0.0016067624092102,  0.0002626236528158,  0.0001534782350063 ]
- atom:    4
  displacement:
    [  -0.0100000000000000,  0.0000000000000000,  0.0000000000000000 ]
  forces:
  - [  -0.0307861529290676, -0.0037567969411612, -0.0021960111334920 ]
  - [   0.0181730091571808,  0.0025196075439453,  0.0014731108676642 ]
  - [   0.0000660847872496, -0.0000251345336437, -0.0000146869570017 ]
  - [   0.0354773849248886,  0.0044654728844762,  0.0026101474650204 ]
  - [  -0.0229303315281868, -0.0032031424343586, -0.0018725572153926 ]

force_constants:
  format: "full"
  shape: [ 5, 5 ]
  elements:
  - # (1, 1)
    - [     3.027339309454005,     0.303479778571396,     0.177413334861168 ]
    - [     0.303479778571396,     0.857206039544254,     0.024343065153621 ]
    - [     0.177413334861168,     0.024343065153621,     0.829796148887269 ]
  - # (1, 2)
    - [     0.405099831521532,     0.057046923381991,     0.033349454017699 ]
    - [     0.057046923381991,    -0.002833200985693,     0.004575912699154 ]
    - [     0.033349454017699,     0.004575912699154,    -0.007985603361820 ]
  - # (1, 3)
    - [    -2.190747827291562,    -0.238283324799232,    -0.139299690720232 ]
    - [    -0.238283324803278,    -0.486823522185812,    -0.019113453054496 ]
    - [    -0.139299690719948,    -0.019113453054133,    -0.465302088669119 ]
  - # (1, 4)
    - [    -1.297307897359115,    -0.132580630040933,    -0.077506224051473 ]
    - [    -0.132580630035794,    -0.349245929124346,    -0.010634708283546 ]
    - [    -0.077506224051835,    -0.010634708284008,    -0.337271422652473 ]
  - # (1, 5)
    - [     0.055616583675141,     0.010337252886778,     0.006043125892838 ]
    - [     0.010337252885685,    -0.018303387248403,     0.000829183485267 ]
    - [     0.006043125892916,     0.000829183485366,    -0.019237034203857 ]
  - # (2, 1)
    - [     0.405099831521532,     0.057046923381991,     0.033349454017699 ]
    - [     0.057046923381991,    -0.002833200985693,     0.004575912699154 ]
    - [     0.033349454017699,     0.004575912699154,    -0.007985603361820 ]
  - # (2, 2)
    - [     3.027339309454005,     0.303479778571397,     0.177413334861167 ]
    - [     0.303479778571397,     0.857206039544255,     0.024343065153621 ]
    - [     0.177413334861167,     0.024343065153621,     0.829796148887269 ]
  - # (2, 3)
    - [    -2.190747827291562,    -0.238283324799233,    -0.139299690720232 ]
    - [    -0.238283324803278,    -0.486823522185813,    -0.019113453054496 ]
    - [    -0.139299690719948,    -0.019113453054133,    -0.465302088669119 ]
  - # (2, 4)
    - [     0.055616583675141,     0.010337252886778,     0.006043125892838 ]
    - [     0.010337252885685,    -0.018303387248403,     0.000829183485267 ]
    - [     0.006043125892916,     0.000829183485366,    -0.019237034203857 ]
  - # (2, 5)
    - [    -1.297307897359115,    -0.132580630040933,    -0.077506224051472 ]
    - [    -0.132580630035795,    -0.349245929124347,    -0.010634708283546 ]
    - [    -0.077506224051834,    -0.010634708284008,    -0.337271422652473 ]
  - # (3, 1)
    - [    -2.190747827291562,    -0.238283324803278,    -0.139299690719948 ]
    - [    -0.238283324799232,    -0.486823522185812,    -0.019113453054133 ]
    - [    -0.139299690720232,    -0.019113453054496,    -0.465302088669119 ]
  - # (3, 2)
    - [    -2.190747827291562,    -0.238283324803278,    -0.139299690719948 ]
    - [    -0.238283324799233,    -0.486823522185813,    -0.019113453054133 ]
    - [    -0.139299690720232,    -0.019113453054496,    -0.465302088669119 ]
  - # (3, 3)
    - [     4.370720341801723,     0.482075321372774,     0.281819733827474 ]
    - [     0.482075321372774,     0.923480138720561,     0.038668773953809 ]
    - [     0.281819733827474,     0.038668773953809,     0.879939735766991 ]
  - # (3, 4)
    - [     0.005387656390701,    -0.002754335883109,    -0.001610176193789 ]
    - [    -0.002754335887154,     0.025083452825532,    -0.000220933922772 ]
    - [    -0.001610176193505,    -0.000220933922409,     0.025332220785623 ]
  - # (3, 5)
    - [     0.005387656390701,    -0.002754335883109,    -0.001610176193789 ]
    - [    -0.002754335887154,     0.025083452825532,    -0.000220933922772 ]
    - [    -0.001610176193505,    -0.000220933922409,     0.025332220785623 ]
  - # (4, 1)
    - [    -1.297307897359115,    -0.132580630035794,    -0.077506224051835 ]
    - [    -0.132580630040933,    -0.349245929124346,    -0.010634708284008 ]
    - [    -0.077506224051473,    -0.010634708283546,    -0.337271422652473 ]
  - # (4, 2)
    - [     0.055616583675141,     0.010337252885685,     0.006043125892916 ]
    - [     0.010337252886778,    -0.018303387248403,     0.000829183485366 ]
    - [     0.006043125892838,     0.000829183485267,    -0.019237034203857 ]
  - # (4, 3)
    - [     0.005387656390701,    -0.002754335887154,    -0.001610176193505 ]
    - [    -0.002754335883109,     0.025083452825532,    -0.000220933922409 ]
    - [    -0.001610176193789,    -0.000220933922772,     0.025332220785623 ]
  - # (4, 4)
    - [     2.463110603392077,     0.298276237495244,     0.174371360928825 ]
    - [     0.298276237495244,     0.330186987660462,     0.023925672798707 ]
    - [     0.174371360928825,     0.023925672798707,     0.303247073924503 ]
  - # (4, 5)
    - [    -1.226806946098804,    -0.173278524457980,    -0.101298086576401 ]
    - [    -0.173278524457980,     0.012278875886755,    -0.013899214077656 ]
    - [    -0.101298086576402,    -0.013899214077656,     0.027929162146204 ]
  - # (5, 1)
    - [     0.055616583675141,     0.010337252885685,     0.006043125892916 ]
    - [     0.010337252886778,    -0.018303387248403,     0.000829183485366 ]
    - [     0.006043125892838,     0.000829183485267,    -0.019237034203857 ]
  - # (5, 2)
    - [    -1.297307897359115,    -0.132580630035795,    -0.077506224051834 ]
    - [    -0.132580630040933,    -0.349245929124347,    -0.010634708284008 ]
    - [    -0.077506224051472,    -0.010634708283546,    -0.337271422652473 ]
  - # (5, 3)
    - [     0.005387656390701,    -0.002754335887154,    -0.001610176193505 ]
    - [    -0.002754335883109,     0.025083452825532,    -0.000220933922409 ]
    - [    -0.001610176193789,    -0.000220933922772,     0.025332220785623 ]
  - # (5, 4)
    - [    -1.226806946098804,    -0.173278524457980,    -0.101298086576402 ]
    - [    -0.173278524457980,     0.012278875886755,    -0.013899214077656 ]
    - [    -0.101298086576401,    -0.013899214077656,     0.027929162146204 ]
  - # (5, 5)
    - [     2.463110603392077,     0.298276237495245,     0.174371360928824 ]
    - [     0.298276237495245,     0.330186987660462,     0.023925672798707 ]
    - [     0.174371360928824,     0.023925672798707,     0.303247073924503 ]