phonopy:
  version: "2.37.1"
  frequency_unit_conversion_factor: 15.633302
  symmetry_tolerance: 1.00000e-05

space_group:
  type: "Fm-3m"
  number: 225
  Hall_symbol: "-F 4 2 3"

primitive_matrix:
- [  0.000000000000000,  1.000000000000000,  0.000000000000000 ]
- [  0.000000000000000,  0.000000000000000,  1.000000000000000 ]
- [  1.000000000000000,  0.000000000000000,  0.000000000000000 ]

supercell_matrix:
- [   2,   0,   0 ]
- [   0,   2,   0 ]
- [   0,   0,   2 ]

primitive_cell:
  lattice:
  - [     2.626625325000002,     1.516482838449039,     4.289261194481353 ] # a
  - [     5.253250649999999,     0.000000000000000,     0.000000000000000 ] # b
  - [     2.626625325000001,     4.549448515347113,     0.000000000000000 ] # c
  points:
  - symbol: Li # 1
    coordinates: [  0.000000000000000,  0.000000000000000,  0.000000000000000 ]
    mass: 6.940000
  - symbol: Sn # 2
    coordinates: [  0.750000000000000,  0.750000000000000,  0.750000000000000 ]
    mass: 118.710000
  - symbol: Sn # 3
    coordinates: [  0.500000000000000,  0.500000000000000,  0.500000000000000 ]
    mass: 118.710000
  - symbol: Sn # 4
    coordinates: [  0.250000000000000,  0.250000000000000,  0.250000000000000 ]
    mass: 118.710000
  reciprocal_lattice: # without 2pi
  - [     0.000000000000000,     0.000000000000000,     0.233140383543585 ] # a*
  - [     0.190358326039516,    -0.109903430781401,    -0.077713461181195 ] # b*
  - [     0.000000000000000,     0.219806861562802,    -0.077713461181195 ] # c*

unit_cell:
  lattice:
  - [     5.253250649999999,     0.000000000000000,     0.000000000000000 ] # a
  - [     2.626625325000001,     4.549448515347113,     0.000000000000000 ] # b
  - [     2.626625325000002,     1.516482838449039,     4.289261194481353 ] # c
  points:
  - symbol: Li # 1
    coordinates: [  0.000000000000000,  0.000000000000000,  0.000000000000000 ]
    mass: 6.940000
    reduced_to: 1
  - symbol: Sn # 2
    coordinates: [  0.750000000000000,  0.750000000000000,  0.750000000000000 ]
    mass: 118.710000
    reduced_to: 2
  - symbol: Sn # 3
    coordinates: [  0.500000000000000,  0.500000000000000,  0.500000000000000 ]
    mass: 118.710000
    reduced_to: 3
  - symbol: Sn # 4
    coordinates: [  0.250000000000000,  0.250000000000000,  0.250000000000000 ]
    mass: 118.710000
    reduced_to: 4

supercell:
  lattice:
  - [    10.506501299999998,     0.000000000000000,     0.000000000000000 ] # a
  - [     5.253250650000003,     9.098897030694227,     0.000000000000000 ] # b
  - [     5.253250650000004,     3.032965676898077,     8.578522388962707 ] # c
  points:
  - symbol: Li # 1
    coordinates: [  0.000000000000000,  0.000000000000000,  0.000000000000000 ]
    mass: 6.940000
    reduced_to: 1
  - symbol: Li # 2
    coordinates: [  0.500000000000000,  0.000000000000000,  0.000000000000000 ]
    mass: 6.940000
    reduced_to: 1
  - symbol: Li # 3
    coordinates: [  0.000000000000000,  0.500000000000000,  0.000000000000000 ]
    mass: 6.940000
    reduced_to: 1
  - symbol: Li # 4
    coordinates: [  0.500000000000000,  0.500000000000000,  0.000000000000000 ]
    mass: 6.940000
    reduced_to: 1
  - symbol: Li # 5
    coordinates: [  0.000000000000000,  0.000000000000000,  0.500000000000000 ]
    mass: 6.940000
    reduced_to: 1
  - symbol: Li # 6
    coordinates: [  0.500000000000000,  0.000000000000000,  0.500000000000000 ]
    mass: 6.940000
    reduced_to: 1
  - symbol: Li # 7
    coordinates: [  0.000000000000000,  0.500000000000000,  0.500000000000000 ]
    mass: 6.940000
    reduced_to: 1
  - symbol: Li # 8
    coordinates: [  0.500000000000000,  0.500000000000000,  0.500000000000000 ]
    mass: 6.940000
    reduced_to: 1
  - symbol: Sn # 9
    coordinates: [  0.375000000000000,  0.375000000000000,  0.375000000000000 ]
    mass: 118.710000
    reduced_to: 9
  - symbol: Sn # 10
    coordinates: [  0.875000000000000,  0.375000000000000,  0.375000000000000 ]
    mass: 118.710000
    reduced_to: 9
  - symbol: Sn # 11
    coordinates: [  0.375000000000000,  0.875000000000000,  0.375000000000000 ]
    mass: 118.710000
    reduced_to: 9
  - symbol: Sn # 12
    coordinates: [  0.875000000000000,  0.875000000000000,  0.375000000000000 ]
    mass: 118.710000
    reduced_to: 9
  - symbol: Sn # 13
    coordinates: [  0.375000000000000,  0.375000000000000,  0.875000000000000 ]
    mass: 118.710000
    reduced_to: 9
  - symbol: Sn # 14
    coordinates: [  0.875000000000000,  0.375000000000000,  0.875000000000000 ]
    mass: 118.710000
    reduced_to: 9
  - symbol: Sn # 15
    coordinates: [  0.375000000000000,  0.875000000000000,  0.875000000000000 ]
    mass: 118.710000
    reduced_to: 9
  - symbol: Sn # 16
    coordinates: [  0.875000000000000,  0.875000000000000,  0.875000000000000 ]
    mass: 118.710000
    reduced_to: 9
  - symbol: Sn # 17
    coordinates: [  0.250000000000000,  0.250000000000000,  0.250000000000000 ]
    mass: 118.710000
    reduced_to: 17
  - symbol: Sn # 18
    coordinates: [  0.750000000000000,  0.250000000000000,  0.250000000000000 ]
    mass: 118.710000
    reduced_to: 17
  - symbol: Sn # 19
    coordinates: [  0.250000000000000,  0.750000000000000,  0.250000000000000 ]
    mass: 118.710000
    reduced_to: 17
  - symbol: Sn # 20
    coordinates: [  0.750000000000000,  0.750000000000000,  0.250000000000000 ]
    mass: 118.710000
    reduced_to: 17
  - symbol: Sn # 21
    coordinates: [  0.250000000000000,  0.250000000000000,  0.750000000000000 ]
    mass: 118.710000
    reduced_to: 17
  - symbol: Sn # 22
    coordinates: [  0.750000000000000,  0.250000000000000,  0.750000000000000 ]
    mass: 118.710000
    reduced_to: 17
  - symbol: Sn # 23
    coordinates: [  0.250000000000000,  0.750000000000000,  0.750000000000000 ]
    mass: 118.710000
    reduced_to: 17
  - symbol: Sn # 24
    coordinates: [  0.750000000000000,  0.750000000000000,  0.750000000000000 ]
    mass: 118.710000
    reduced_to: 17
  - symbol: Sn # 25
    coordinates: [  0.125000000000000,  0.125000000000000,  0.125000000000000 ]
    mass: 118.710000
    reduced_to: 25
  - symbol: Sn # 26
    coordinates: [  0.625000000000000,  0.125000000000000,  0.125000000000000 ]
    mass: 118.710000
    reduced_to: 25
  - symbol: Sn # 27
    coordinates: [  0.125000000000000,  0.625000000000000,  0.125000000000000 ]
    mass: 118.710000
    reduced_to: 25
  - symbol: Sn # 28
    coordinates: [  0.625000000000000,  0.625000000000000,  0.125000000000000 ]
    mass: 118.710000
    reduced_to: 25
  - symbol: Sn # 29
    coordinates: [  0.125000000000000,  0.125000000000000,  0.625000000000000 ]
    mass: 118.710000
    reduced_to: 25
  - symbol: Sn # 30
    coordinates: [  0.625000000000000,  0.125000000000000,  0.625000000000000 ]
    mass: 118.710000
    reduced_to: 25
  - symbol: Sn # 31
    coordinates: [  0.125000000000000,  0.625000000000000,  0.625000000000000 ]
    mass: 118.710000
    reduced_to: 25
  - symbol: Sn # 32
    coordinates: [  0.625000000000000,  0.625000000000000,  0.625000000000000 ]
    mass: 118.710000
    reduced_to: 25

displacements:
- atom:    1
  displacement:
    [   0.0100000000000000,  0.0000000000000000,  0.0000000000000000 ]
  forces:
  - [  -0.0108575709164143,  0.0000003368841135,  0.0000002360902727 ]
  - [   0.0020860088989139, -0.0000002877500265, -0.0000008940696716 ]
  - [   0.0002678259043023,  0.0010497055482119,  0.0000005522742867 ]
  - [   0.0002686671505217, -0.0010488474508747, -0.0000016842968762 ]
  - [   0.0002673474955373,  0.0003503970801830,  0.0009887013584375 ]
  - [   0.0002696065057535, -0.0003508636727929, -0.0009891572408378 ]
  - [  -0.0003388395125512,  0.0000005785996109, -0.0000002779997885 ]
  - [   0.0002883115084842, -0.0000004102780622, -0.0000004046596587 ]
  - [  -0.0000006364034562, -0.0000740075483918, -0.0000523929484189 ]
  - [  -0.0000039594206100,  0.0000761165283620,  0.0000537140294909 ]
  - [   0.0001270947395824, -0.0000037653371692, -0.0000018440186977 ]
  - [  -0.0005074120126665,  0.0000011799857020, -0.0000081146135926 ]
  - [   0.0001272357767448, -0.0000040653394535, -0.0000015124678612 ]
  - [  -0.0005072716739960, -0.0000088898232207,  0.0000055944547057 ]
  - [   0.0024605290964246, -0.0017237998545170, -0.0012182304635644 ]
  - [   0.0024183003697544,  0.0016775364056230,  0.0011870227754116 ]
  - [   0.0000646363405394,  0.0000014494544303,  0.0000008274801075 ]
  - [  -0.0000173576336238, -0.0000064942760218, -0.0000052852556109 ]
  - [  -0.0001367905060761,  0.0000725008139852, -0.0000998666509986 ]
  - [  -0.0001483932719566, -0.0000732625194360,  0.0001058457419276 ]
  - [  -0.0001365718781017, -0.0000701053068042,  0.0001004652585834 ]
  - [  -0.0001491773582529,  0.0000751456245780, -0.0001053621526808 ]
  - [  -0.0000186925753951,  0.0000078394077718,  0.0000031043309718 ]
  - [   0.0000637350603938,  0.0000005727633834, -0.0000020973384380 ]
  - [   0.0024587984662503,  0.0017230159137398,  0.0012188469991088 ]
  - [   0.0024188994430006, -0.0016781077720225, -0.0011863475665450 ]
  - [  -0.0005075639928691,  0.0000076072028605, -0.0000048726797104 ]
  - [   0.0001273214002140,  0.0000020485313144,  0.0000026579946280 ]
  - [  -0.0005073777283542, -0.0000031348317862,  0.0000096233561635 ]
  - [   0.0001274952082895,  0.0000020526349545,  0.0000025024637580 ]
  - [  -0.0000005736947060,  0.0000742003321648,  0.0000526811927557 ]
  - [  -0.0000035613775253, -0.0000761793926358, -0.0000540176406503 ]
- atom:    9
  displacement:
    [   0.0100000000000000,  0.0000000000000000,  0.0000000000000000 ]
  forces:
  - [  -0.0000027205810511, -0.0000749847167754, -0.0000536628067493 ]
  - [  -0.0000026570637601,  0.0000737055597710,  0.0000512488186359 ]
  - [   0.0001263914600713,  0.0000015634104784,  0.0000019734725356 ]
  - [  -0.0005071150953881, -0.0000014940778783,  0.0000141221098602 ]
  - [   0.0001257964613615,  0.0000027101486921,  0.0000004069879651 ]
  - [  -0.0005066023441032,  0.0000135339796543, -0.0000068894587457 ]
  - [   0.0024225777015090, -0.0016829131636769, -0.0011904756538570 ]
  - [   0.0024538566358387,  0.0017182297306135,  0.0012146965600550 ]
  - [  -0.0116706006228924,  0.0000928910449147,  0.0000660554505885 ]
  - [   0.0012127925874665,  0.0000011525116861,  0.0000011776573956 ]
  - [  -0.0000152347856783,  0.0007076244801283,  0.0000999858602881 ]
  - [  -0.0000159051633091, -0.0007096873596311, -0.0001002773642540 ]
  - [  -0.0000146892743942,  0.0003288693260401,  0.0006351396441460 ]
  - [  -0.0000155436573550, -0.0003321351250634, -0.0006336942315102 ]
  - [  -0.0005868995795026, -0.0000003864988685,  0.0000004768371582 ]
  - [   0.0006304861744866, -0.0000005504116416,  0.0000005783513188 ]
  - [   0.0055722431279719,  0.0037122291978449,  0.0026241452433169 ]
  - [   0.0057772202417254, -0.0038603132124990, -0.0027304356917739 ]
  - [  -0.0008809185237624, -0.0000022158601496,  0.0000041406601667 ]
  - [   0.0006103131454438, -0.0000000214677129,  0.0000037937425077 ]
  - [  -0.0008803620003164,  0.0000025425106287, -0.0000047874636948 ]
  - [   0.0006088456138968,  0.0000034961849451, -0.0000031485687941 ]
  - [  -0.0000257529318333,  0.0003660339862108,  0.0002566389739513 ]
  - [  -0.0000285543501377, -0.0003675865009427, -0.0002627556677908 ]
  - [  -0.0008109378395602,  0.0000032988682506,  0.0000030240043998 ]
  - [  -0.0002460869145580, -0.0000002151500667,  0.0000006323680282 ]
  - [  -0.0009038954740390,  0.0003786742454395, -0.0008014822378755 ]
  - [  -0.0008592293015681, -0.0003535875293892,  0.0007759500294924 ]
  - [  -0.0009035619441420, -0.0006306767463684,  0.0006253551691771 ]
  - [  -0.0008590623619966,  0.0006128437817097, -0.0005903737619519 ]
  - [   0.0001951288431883, -0.0000008009374142, -0.0000005634501576 ]
  - [   0.0000006835907698, -0.0000018402934074, -0.0000010300427675 ]
- atom:   17
  displacement:
    [   0.0100000000000000,  0.0000000000000000,  0.0000000000000000 ]
  forces:
  - [   0.0000646730477456,  0.0000034900876926,  0.0000017322599888 ]
  - [  -0.0000164425000548,  0.0000022964131858,  0.0000006966292858 ]
  - [  -0.0001563044497743,  0.0000802776485216, -0.0001127677969635 ]
  - [  -0.0001290105865337, -0.0000656204065308,  0.0000919452868402 ]
  - [  -0.0001566693536006, -0.0000793887302279,  0.0001126998104155 ]
  - [  -0.0001286966726184,  0.0000653341412544, -0.0000930037349463 ]
  - [  -0.0000175045861397, -0.0000024318410397, -0.0000018584541976 ]
  - [   0.0000654799368931, -0.0000035805387597, -0.0000024577602744 ]
  - [   0.0057734912261367,  0.0038553997874260,  0.0027260282076895 ]
  - [   0.0055766114965081, -0.0037153824232519, -0.0026269387453794 ]
  - [  -0.0008813604945317,  0.0000085588544607, -0.0000016093254089 ]
  - [   0.0006098169833422,  0.0000000447034836, -0.0000006910413504 ]
  - [  -0.0008808856946416,  0.0000000935979187,  0.0000089872628450 ]
  - [   0.0006101105245762, -0.0000017187558115,  0.0000020666047931 ]
  - [  -0.0000254590340774,  0.0003661075606942,  0.0002594254910946 ]
  - [  -0.0000235328516283, -0.0003684833645821, -0.0002594813704491 ]
  - [  -0.0202792137861252,  0.0000009313953342,  0.0000004777684808 ]
  - [   0.0001834421273088,  0.0000003338063834, -0.0000006593763828 ]
  - [  -0.0002381402882747,  0.0002451213658787,  0.0001093773171306 ]
  - [  -0.0002375339536229, -0.0002426916325931, -0.0001081940717995 ]
  - [  -0.0002372466115048,  0.0001846775412560,  0.0001937812194228 ]
  - [  -0.0002393614995526, -0.0001826006919146, -0.0001941623631865 ]
  - [  -0.0005585718899965,  0.0000009499490261, -0.0000008922070265 ]
  - [   0.0005637332797050,  0.0000014724209905, -0.0000016614794731 ]
  - [   0.0055767539888620,  0.0037146927788854,  0.0026274351403117 ]
  - [   0.0057733748108149, -0.0038556291256100, -0.0027255825698376 ]
  - [  -0.0008816457120702, -0.0000102494523162,  0.0000012610107660 ]
  - [   0.0006102507468313, -0.0000008768038242,  0.0000020954757929 ]
  - [  -0.0008812467567623, -0.0000035222619772, -0.0000093560665846 ]
  - [   0.0006105997017585,  0.0000006370246410,  0.0000000558793545 ]
  - [  -0.0000226516276598,  0.0003682719543576,  0.0002603931352496 ]
  - [  -0.0000268183648586, -0.0003665518015623, -0.0002591423690319 ]

force_constants:
  format: "full"
  shape: [ 32, 32 ]
  elements:
  - # (1, 1)
    - [     1.085744499764019,     0.000000000000000,     0.000000000000000 ]
    - [     0.000000000000000,     1.085744499764018,     0.000000000000000 ]
    - [     0.000000000000000,     0.000000000000000,     1.085744499764018 ]
  - # (1, 2)
    - [    -0.208599913387417,     0.000000000000000,     0.000000000000000 ]
    - [     0.000000000000000,     0.033725979830250,    -0.000112226290199 ]
    - [     0.000000000000000,    -0.000112226290199,     0.033805335801077 ]
  - # (1, 3)
    - [    -0.026855493474167,    -0.104930189760627,    -0.000097190818285 ]
    - [    -0.104930189760627,    -0.148018440083000,     0.000056113145100 ]
    - [    -0.000097190818285,     0.000056113145100,     0.033805335801077 ]
  - # (1, 4)
    - [    -0.026855493474166,     0.104930189760627,     0.000097190818285 ]
    - [     0.104930189760627,    -0.148018440083000,     0.000056113145100 ]
    - [     0.000097190818285,     0.000056113145099,     0.033805335801077 ]
  - # (1, 5)
    - [    -0.026855493474167,    -0.035068362302447,    -0.098896734701813 ]
    - [    -0.035068362302447,     0.013637963356547,    -0.057098056402067 ]
    - [    -0.098896734701813,    -0.057098056402067,    -0.127851067638470 ]
  - # (1, 6)
    - [    -0.026855493474166,     0.035068362302447,     0.098896734701813 ]
    - [     0.035068362302447,     0.013637963356547,    -0.057098056402067 ]
    - [     0.098896734701813,    -0.057098056402067,    -0.127851067638470 ]
  - # (1, 7)
    - [     0.033884691771904,    -0.000000000000000,    -0.000000000000000 ]
    - [    -0.000000000000000,    -0.047102221889523,     0.114196112804133 ]
    - [    -0.000000000000000,     0.114196112804133,    -0.127851067638470 ]
  - # (1, 8)
    - [    -0.028843742725826,    -0.000000000000000,    -0.000000000000000 ]
    - [    -0.000000000000000,    -0.028843742725826,    -0.000000000000000 ]
    - [    -0.000000000000000,    -0.000000000000000,    -0.028843742725826 ]
  - # (1, 9)
    - [     0.000260205488185,     0.007463918332285,     0.005277787266981 ]
    - [     0.007463918332285,    -0.008358385028523,     0.003047131899317 ]
    - [     0.005277787266981,     0.003047131899317,    -0.010513032657700 ]
  - # (1, 10)
    - [     0.000260205488185,    -0.007463918332285,    -0.005277787266981 ]
    - [    -0.007463918332285,    -0.008358385028523,     0.003047131899317 ]
    - [    -0.005277787266981,     0.003047131899317,    -0.010513032657700 ]
  - # (1, 11)
    - [    -0.012667680286878,     0.000000000000000,    -0.000000000000000 ]
    - [     0.000000000000000,     0.004569500746539,    -0.006094263798635 ]
    - [    -0.000000000000000,    -0.006094263798635,    -0.010513032657700 ]
  - # (1, 12)
    - [     0.050716917481176,     0.000000000000000,    -0.000000000000000 ]
    - [    -0.000000000000000,     0.050716917481176,    -0.000000000000000 ]
    - [    -0.000000000000000,    -0.000000000000000,    -0.391138153063155 ]
  - # (1, 13)
    - [    -0.012667680286878,     0.000000000000000,     0.000000000000000 ]
    - [     0.000000000000000,    -0.012667680286878,     0.000000000000000 ]
    - [     0.000000000000000,     0.000000000000000,     0.006724148375717 ]
  - # (1, 14)
    - [     0.050716917481176,    -0.000000000000000,     0.000000000000000 ]
    - [    -0.000000000000000,    -0.342043145224896,     0.138861651859359 ]
    - [     0.000000000000000,     0.138861651859359,     0.001621909642917 ]
  - # (1, 15)
    - [    -0.243853129548378,     0.170070095947714,     0.120257718121675 ]
    - [     0.170070095947714,    -0.047473098195342,    -0.069430825929679 ]
    - [     0.120257718121675,    -0.069430825929679,     0.001621909642917 ]
  - # (1, 16)
    - [    -0.243853129548378,    -0.170070095947714,    -0.120257718121675 ]
    - [    -0.170070095947714,    -0.047473098195342,    -0.069430825929679 ]
    - [    -0.120257718121675,    -0.069430825929679,     0.001621909642917 ]
  - # (1, 17)
    - [    -0.006493505063077,    -0.000000000000000,    -0.000000000000000 ]
    - [    -0.000000000000000,    -0.006493505063077,    -0.000000000000000 ]
    - [    -0.000000000000000,    -0.000000000000000,    -0.006493505063077 ]
  - # (1, 18)
    - [     0.001686334673380,     0.000000000000000,     0.000000000000000 ]
    - [     0.000000000000000,     0.018446397347859,     0.011851153970235 ]
    - [     0.000000000000000,     0.011851153970235,     0.010066366010619 ]
  - # (1, 19)
    - [     0.014256381679239,    -0.007257320022559,     0.010263400402385 ]
    - [    -0.007257320022559,     0.005876350342000,    -0.005925576985118 ]
    - [     0.010263400402385,    -0.005925576985118,     0.010066366010619 ]
  - # (1, 20)
    - [     0.014256381679239,     0.007257320022559,    -0.010263400402385 ]
    - [     0.007257320022559,     0.005876350342000,    -0.005925576985118 ]
    - [    -0.010263400402385,    -0.005925576985118,     0.010066366010619 ]
  - # (1, 21)
    - [     0.014256381679239,     0.007257320022559,    -0.010263400402385 ]
    - [     0.007257320022559,     0.005876350342000,    -0.005925576985118 ]
    - [    -0.010263400402385,    -0.005925576985118,     0.010066366010619 ]
  - # (1, 22)
    - [     0.014256381679239,    -0.007257320022559,     0.010263400402385 ]
    - [    -0.007257320022559,     0.005876350342000,    -0.005925576985118 ]
    - [     0.010263400402385,    -0.005925576985118,     0.010066366010619 ]
  - # (1, 23)
    - [     0.001686334673380,     0.000000000000000,     0.000000000000000 ]
    - [     0.000000000000000,     0.018446397347859,     0.011851153970235 ]
    - [     0.000000000000000,     0.011851153970235,     0.010066366010619 ]
  - # (1, 24)
    - [    -0.006493505063077,    -0.000000000000000,    -0.000000000000000 ]
    - [    -0.000000000000000,    -0.006493505063077,    -0.000000000000000 ]
    - [    -0.000000000000000,    -0.000000000000000,    -0.006493505063077 ]
  - # (1, 25)
    - [    -0.243853129548378,    -0.170070095947714,    -0.120257718121675 ]
    - [    -0.170070095947714,    -0.047473098195342,    -0.069430825929679 ]
    - [    -0.120257718121675,    -0.069430825929679,     0.001621909642917 ]
  - # (1, 26)
    - [    -0.243853129548378,     0.170070095947714,     0.120257718121675 ]
    - [     0.170070095947714,    -0.047473098195342,    -0.069430825929679 ]
    - [     0.120257718121675,    -0.069430825929679,     0.001621909642917 ]
  - # (1, 27)
    - [     0.050716917481176,    -0.000000000000000,     0.000000000000000 ]
    - [    -0.000000000000000,    -0.342043145224896,     0.138861651859359 ]
    - [     0.000000000000000,     0.138861651859359,     0.001621909642917 ]
  - # (1, 28)
    - [    -0.012667680286878,     0.000000000000000,     0.000000000000000 ]
    - [     0.000000000000000,    -0.012667680286878,     0.000000000000000 ]
    - [     0.000000000000000,     0.000000000000000,     0.006724148375717 ]
  - # (1, 29)
    - [     0.050716917481176,    -0.000000000000000,    -0.000000000000000 ]
    - [    -0.000000000000000,     0.050716917481176,    -0.000000000000000 ]
    - [    -0.000000000000000,    -0.000000000000000,    -0.391138153063155 ]
  - # (1, 30)
    - [    -0.012667680286878,     0.000000000000000,    -0.000000000000000 ]
    - [     0.000000000000000,     0.004569500746539,    -0.006094263798635 ]
    - [    -0.000000000000000,    -0.006094263798635,    -0.010513032657700 ]
  - # (1, 31)
    - [     0.000260205488185,    -0.007463918332285,    -0.005277787266981 ]
    - [    -0.007463918332285,    -0.008358385028523,     0.003047131899317 ]
    - [    -0.005277787266981,     0.003047131899317,    -0.010513032657700 ]
  - # (1, 32)
    - [     0.000260205488185,     0.007463918332285,     0.005277787266981 ]
    - [     0.007463918332285,    -0.008358385028523,     0.003047131899317 ]
    - [     0.005277787266981,     0.003047131899317,    -0.010513032657700 ]
  - # (2, 1)
    - [    -0.208599913387417,     0.000000000000000,     0.000000000000000 ]
    - [     0.000000000000000,     0.033725979830250,    -0.000112226290199 ]
    - [     0.000000000000000,    -0.000112226290199,     0.033805335801077 ]
  - # (2, 2)
    - [     1.085744499764019,    -0.000000000000001,    -0.000000000000001 ]
    - [    -0.000000000000001,     1.085744499764018,    -0.000000000000000 ]
    - [    -0.000000000000001,    -0.000000000000000,     1.085744499764018 ]
  - # (2, 3)
    - [    -0.026855493474166,     0.104930189760627,     0.000097190818285 ]
    - [     0.104930189760627,    -0.148018440083000,     0.000056113145099 ]
    - [     0.000097190818285,     0.000056113145099,     0.033805335801077 ]
  - # (2, 4)
    - [    -0.026855493474166,    -0.104930189760627,    -0.000097190818285 ]
    - [    -0.104930189760627,    -0.148018440083000,     0.000056113145100 ]
    - [    -0.000097190818285,     0.000056113145100,     0.033805335801077 ]
  - # (2, 5)
    - [    -0.026855493474166,     0.035068362302447,     0.098896734701813 ]
    - [     0.035068362302447,     0.013637963356547,    -0.057098056402067 ]
    - [     0.098896734701813,    -0.057098056402067,    -0.127851067638470 ]
  - # (2, 6)
    - [    -0.026855493474166,    -0.035068362302447,    -0.098896734701813 ]
    - [    -0.035068362302447,     0.013637963356548,    -0.057098056402066 ]
    - [    -0.098896734701813,    -0.057098056402067,    -0.127851067638470 ]
  - # (2, 7)
    - [    -0.028843742725826,     0.000000000000000,     0.000000000000000 ]
    - [     0.000000000000000,    -0.028843742725826,    -0.000000000000000 ]
    - [     0.000000000000000,     0.000000000000000,    -0.028843742725826 ]
  - # (2, 8)
    - [     0.033884691771904,    -0.000000000000000,    -0.000000000000000 ]
    - [    -0.000000000000000,    -0.047102221889523,     0.114196112804133 ]
    - [    -0.000000000000000,     0.114196112804133,    -0.127851067638470 ]
  - # (2, 9)
    - [     0.000260205488185,    -0.007463918332285,    -0.005277787266981 ]
    - [    -0.007463918332285,    -0.008358385028523,     0.003047131899317 ]
    - [    -0.005277787266981,     0.003047131899317,    -0.010513032657700 ]
  - # (2, 10)
    - [     0.000260205488185,     0.007463918332285,     0.005277787266982 ]
    - [     0.007463918332285,    -0.008358385028523,     0.003047131899317 ]
    - [     0.005277787266981,     0.003047131899317,    -0.010513032657700 ]
  - # (2, 11)
    - [     0.050716917481176,     0.000000000000000,    -0.000000000000000 ]
    - [    -0.000000000000000,     0.050716917481176,    -0.000000000000000 ]
    - [     0.000000000000000,    -0.000000000000000,    -0.391138153063155 ]
  - # (2, 12)
    - [    -0.012667680286878,     0.000000000000000,     0.000000000000000 ]
    - [     0.000000000000000,     0.004569500746539,    -0.006094263798635 ]
    - [     0.000000000000000,    -0.006094263798635,    -0.010513032657700 ]
  - # (2, 13)
    - [     0.050716917481176,     0.000000000000000,    -0.000000000000000 ]
    - [     0.000000000000000,    -0.342043145224896,     0.138861651859359 ]
    - [    -0.000000000000000,     0.138861651859359,     0.001621909642917 ]
  - # (2, 14)
    - [    -0.012667680286878,     0.000000000000000,     0.000000000000000 ]
    - [     0.000000000000000,    -0.012667680286878,    -0.000000000000000 ]
    - [     0.000000000000000,     0.000000000000000,     0.006724148375717 ]
  - # (2, 15)
    - [    -0.243853129548378,    -0.170070095947714,    -0.120257718121675 ]
    - [    -0.170070095947714,    -0.047473098195342,    -0.069430825929679 ]
    - [    -0.120257718121675,    -0.069430825929679,     0.001621909642917 ]
  - # (2, 16)
    - [    -0.243853129548378,     0.170070095947714,     0.120257718121675 ]
    - [     0.170070095947714,    -0.047473098195342,    -0.069430825929679 ]
    - [     0.120257718121675,    -0.069430825929679,     0.001621909642917 ]
  - # (2, 17)
    - [     0.001686334673380,    -0.000000000000000,    -0.000000000000000 ]
    - [    -0.000000000000000,     0.018446397347859,     0.011851153970235 ]
    - [    -0.000000000000000,     0.011851153970235,     0.010066366010619 ]
  - # (2, 18)
    - [    -0.006493505063077,     0.000000000000000,     0.000000000000000 ]
    - [     0.000000000000000,    -0.006493505063077,    -0.000000000000000 ]
    - [     0.000000000000000,    -0.000000000000000,    -0.006493505063077 ]
  - # (2, 19)
    - [     0.014256381679239,     0.007257320022559,    -0.010263400402385 ]
    - [     0.007257320022559,     0.005876350342000,    -0.005925576985118 ]
    - [    -0.010263400402385,    -0.005925576985118,     0.010066366010619 ]
  - # (2, 20)
    - [     0.014256381679239,    -0.007257320022559,     0.010263400402385 ]
    - [    -0.007257320022559,     0.005876350342000,    -0.005925576985118 ]
    - [     0.010263400402385,    -0.005925576985118,     0.010066366010619 ]
  - # (2, 21)
    - [     0.014256381679239,    -0.007257320022559,     0.010263400402385 ]
    - [    -0.007257320022559,     0.005876350342000,    -0.005925576985118 ]
    - [     0.010263400402385,    -0.005925576985118,     0.010066366010619 ]
  - # (2, 22)
    - [     0.014256381679239,     0.007257320022559,    -0.010263400402385 ]
    - [     0.007257320022559,     0.005876350342000,    -0.005925576985118 ]
    - [    -0.010263400402385,    -0.005925576985118,     0.010066366010619 ]
  - # (2, 23)
    - [    -0.006493505063077,     0.000000000000000,     0.000000000000000 ]
    - [     0.000000000000000,    -0.006493505063077,    -0.000000000000000 ]
    - [     0.000000000000000,    -0.000000000000000,    -0.006493505063077 ]
  - # (2, 24)
    - [     0.001686334673380,    -0.000000000000000,    -0.000000000000000 ]
    - [    -0.000000000000000,     0.018446397347859,     0.011851153970235 ]
    - [    -0.000000000000000,     0.011851153970235,     0.010066366010619 ]
  - # (2, 25)
    - [    -0.243853129548378,     0.170070095947714,     0.120257718121675 ]
    - [     0.170070095947714,    -0.047473098195342,    -0.069430825929679 ]
    - [     0.120257718121675,    -0.069430825929679,     0.001621909642917 ]
  - # (2, 26)
    - [    -0.243853129548378,    -0.170070095947714,    -0.120257718121675 ]
    - [    -0.170070095947714,    -0.047473098195342,    -0.069430825929679 ]
    - [    -0.120257718121675,    -0.069430825929679,     0.001621909642917 ]
  - # (2, 27)
    - [    -0.012667680286878,     0.000000000000000,     0.000000000000000 ]
    - [     0.000000000000000,    -0.012667680286878,    -0.000000000000000 ]
    - [     0.000000000000000,     0.000000000000000,     0.006724148375717 ]
  - # (2, 28)
    - [     0.050716917481176,     0.000000000000000,    -0.000000000000000 ]
    - [     0.000000000000000,    -0.342043145224896,     0.138861651859359 ]
    - [    -0.000000000000000,     0.138861651859359,     0.001621909642917 ]
  - # (2, 29)
    - [    -0.012667680286878,     0.000000000000000,     0.000000000000000 ]
    - [     0.000000000000000,     0.004569500746539,    -0.006094263798635 ]
    - [     0.000000000000000,    -0.006094263798635,    -0.010513032657700 ]
  - # (2, 30)
    - [     0.050716917481176,     0.000000000000000,     0.000000000000000 ]
    - [    -0.000000000000000,     0.050716917481176,    -0.000000000000000 ]
    - [     0.000000000000000,    -0.000000000000000,    -0.391138153063155 ]
  - # (2, 31)
    - [     0.000260205488185,     0.007463918332285,     0.005277787266982 ]
    - [     0.007463918332285,    -0.008358385028523,     0.003047131899317 ]
    - [     0.005277787266981,     0.003047131899317,    -0.010513032657700 ]
  - # (2, 32)
    - [     0.000260205488185,    -0.007463918332285,    -0.005277787266981 ]
    - [    -0.007463918332285,    -0.008358385028523,     0.003047131899317 ]
    - [    -0.005277787266981,     0.003047131899317,    -0.010513032657700 ]
  - # (3, 1)
    - [    -0.026855493474167,    -0.104930189760627,    -0.000097190818285 ]
    - [    -0.104930189760627,    -0.148018440083000,     0.000056113145100 ]
    - [    -0.000097190818285,     0.000056113145100,     0.033805335801077 ]
  - # (3, 2)
    - [    -0.026855493474166,     0.104930189760627,     0.000097190818285 ]
    - [     0.104930189760627,    -0.148018440083000,     0.000056113145099 ]
    - [     0.000097190818285,     0.000056113145099,     0.033805335801077 ]
  - # (3, 3)
    - [     1.085744499764018,     0.000000000000000,    -0.000000000000000 ]
    - [     0.000000000000000,     1.085744499764019,     0.000000000000000 ]
    - [    -0.000000000000000,     0.000000000000000,     1.085744499764018 ]
  - # (3, 4)
    - [    -0.208599913387416,     0.000000000000000,     0.000000000000000 ]
    - [     0.000000000000000,     0.033725979830250,    -0.000112226290199 ]
    - [     0.000000000000000,    -0.000112226290199,     0.033805335801077 ]
  - # (3, 5)
    - [     0.033884691771904,    -0.000000000000000,    -0.000000000000000 ]
    - [    -0.000000000000000,    -0.047102221889523,     0.114196112804133 ]
    - [     0.000000000000000,     0.114196112804133,    -0.127851067638470 ]
  - # (3, 6)
    - [    -0.028843742725826,     0.000000000000000,     0.000000000000000 ]
    - [     0.000000000000000,    -0.028843742725826,    -0.000000000000000 ]
    - [     0.000000000000000,    -0.000000000000000,    -0.028843742725826 ]
  - # (3, 7)
    - [    -0.026855493474166,    -0.035068362302447,    -0.098896734701813 ]
    - [    -0.035068362302447,     0.013637963356548,    -0.057098056402067 ]
    - [    -0.098896734701813,    -0.057098056402067,    -0.127851067638470 ]
  - # (3, 8)
    - [    -0.026855493474166,     0.035068362302447,     0.098896734701813 ]
    - [     0.035068362302447,     0.013637963356547,    -0.057098056402067 ]
    - [     0.098896734701813,    -0.057098056402067,    -0.127851067638470 ]
  - # (3, 9)
    - [    -0.012667680286878,    -0.000000000000000,    -0.000000000000000 ]
    - [    -0.000000000000000,     0.004569500746539,    -0.006094263798635 ]
    - [    -0.000000000000000,    -0.006094263798635,    -0.010513032657700 ]
  - # (3, 10)
    - [     0.050716917481176,    -0.000000000000000,     0.000000000000000 ]
    - [    -0.000000000000000,     0.050716917481176,    -0.000000000000000 ]
    - [    -0.000000000000000,    -0.000000000000000,    -0.391138153063155 ]
  - # (3, 11)
    - [     0.000260205488185,     0.007463918332285,     0.005277787266981 ]
    - [     0.007463918332285,    -0.008358385028523,     0.003047131899317 ]
    - [     0.005277787266981,     0.003047131899317,    -0.010513032657700 ]
  - # (3, 12)
    - [     0.000260205488185,    -0.007463918332285,    -0.005277787266981 ]
    - [    -0.007463918332285,    -0.008358385028523,     0.003047131899317 ]
    - [    -0.005277787266981,     0.003047131899317,    -0.010513032657700 ]
  - # (3, 13)
    - [    -0.243853129548378,     0.170070095947714,     0.120257718121675 ]
    - [     0.170070095947714,    -0.047473098195342,    -0.069430825929679 ]
    - [     0.120257718121675,    -0.069430825929679,     0.001621909642917 ]
  - # (3, 14)
    - [    -0.243853129548378,    -0.170070095947714,    -0.120257718121675 ]
    - [    -0.170070095947714,    -0.047473098195342,    -0.069430825929679 ]
    - [    -0.120257718121675,    -0.069430825929679,     0.001621909642917 ]
  - # (3, 15)
    - [    -0.012667680286878,    -0.000000000000000,    -0.000000000000000 ]
    - [    -0.000000000000000,    -0.012667680286878,    -0.000000000000000 ]
    - [    -0.000000000000000,    -0.000000000000000,     0.006724148375717 ]
  - # (3, 16)
    - [     0.050716917481176,    -0.000000000000000,     0.000000000000000 ]
    - [    -0.000000000000000,    -0.342043145224896,     0.138861651859359 ]
    - [     0.000000000000000,     0.138861651859359,     0.001621909642917 ]
  - # (3, 17)
    - [     0.014256381679239,    -0.007257320022559,     0.010263400402385 ]
    - [    -0.007257320022559,     0.005876350342000,    -0.005925576985118 ]
    - [     0.010263400402385,    -0.005925576985118,     0.010066366010619 ]
  - # (3, 18)
    - [     0.014256381679239,     0.007257320022559,    -0.010263400402385 ]
    - [     0.007257320022559,     0.005876350342000,    -0.005925576985118 ]
    - [    -0.010263400402385,    -0.005925576985118,     0.010066366010619 ]
  - # (3, 19)
    - [    -0.006493505063077,    -0.000000000000000,    -0.000000000000000 ]
    - [    -0.000000000000000,    -0.006493505063077,    -0.000000000000000 ]
    - [    -0.000000000000000,    -0.000000000000000,    -0.006493505063077 ]
  - # (3, 20)
    - [     0.001686334673380,    -0.000000000000000,    -0.000000000000000 ]
    - [    -0.000000000000000,     0.018446397347859,     0.011851153970235 ]
    - [    -0.000000000000000,     0.011851153970235,     0.010066366010619 ]
  - # (3, 21)
    - [     0.001686334673380,    -0.000000000000000,    -0.000000000000000 ]
    - [    -0.000000000000000,     0.018446397347859,     0.011851153970235 ]
    - [    -0.000000000000000,     0.011851153970235,     0.010066366010619 ]
  - # (3, 22)
    - [    -0.006493505063077,    -0.000000000000000,    -0.000000000000000 ]
    - [    -0.000000000000000,    -0.006493505063077,    -0.000000000000000 ]
    - [    -0.000000000000000,    -0.000000000000000,    -0.006493505063077 ]
  - # (3, 23)
    - [     0.014256381679239,     0.007257320022559,    -0.010263400402385 ]
    - [     0.007257320022559,     0.005876350342000,    -0.005925576985118 ]
    - [    -0.010263400402385,    -0.005925576985118,     0.010066366010619 ]
  - # (3, 24)
    - [     0.014256381679239,    -0.007257320022559,     0.010263400402385 ]
    - [    -0.007257320022559,     0.005876350342000,    -0.005925576985118 ]
    - [     0.010263400402385,    -0.005925576985118,     0.010066366010619 ]
  - # (3, 25)
    - [     0.050716917481176,    -0.000000000000000,     0.000000000000000 ]
    - [    -0.000000000000000,    -0.342043145224896,     0.138861651859359 ]
    - [     0.000000000000000,     0.138861651859359,     0.001621909642917 ]
  - # (3, 26)
    - [    -0.012667680286878,    -0.000000000000000,    -0.000000000000000 ]
    - [    -0.000000000000000,    -0.012667680286878,    -0.000000000000000 ]
    - [    -0.000000000000000,    -0.000000000000000,     0.006724148375717 ]
  - # (3, 27)
    - [    -0.243853129548378,    -0.170070095947714,    -0.120257718121675 ]
    - [    -0.170070095947714,    -0.047473098195342,    -0.069430825929679 ]
    - [    -0.120257718121675,    -0.069430825929679,     0.001621909642917 ]
  - # (3, 28)
    - [    -0.243853129548378,     0.170070095947714,     0.120257718121675 ]
    - [     0.170070095947714,    -0.047473098195342,    -0.069430825929679 ]
    - [     0.120257718121675,    -0.069430825929679,     0.001621909642917 ]
  - # (3, 29)
    - [     0.000260205488185,    -0.007463918332285,    -0.005277787266981 ]
    - [    -0.007463918332285,    -0.008358385028523,     0.003047131899317 ]
    - [    -0.005277787266981,     0.003047131899317,    -0.010513032657700 ]
  - # (3, 30)
    - [     0.000260205488185,     0.007463918332285,     0.005277787266981 ]
    - [     0.007463918332285,    -0.008358385028523,     0.003047131899317 ]
    - [     0.005277787266981,     0.003047131899317,    -0.010513032657700 ]
  - # (3, 31)
    - [     0.050716917481176,    -0.000000000000000,     0.000000000000000 ]
    - [    -0.000000000000000,     0.050716917481176,    -0.000000000000000 ]
    - [    -0.000000000000000,    -0.000000000000000,    -0.391138153063155 ]
  - # (3, 32)
    - [    -0.012667680286878,    -0.000000000000000,    -0.000000000000000 ]
    - [    -0.000000000000000,     0.004569500746539,    -0.006094263798635 ]
    - [    -0.000000000000000,    -0.006094263798635,    -0.010513032657700 ]
  - # (4, 1)
    - [    -0.026855493474166,     0.104930189760627,     0.000097190818285 ]
    - [     0.104930189760627,    -0.148018440083000,     0.000056113145099 ]
    - [     0.000097190818285,     0.000056113145100,     0.033805335801077 ]
  - # (4, 2)
    - [    -0.026855493474166,    -0.104930189760627,    -0.000097190818285 ]
    - [    -0.104930189760627,    -0.148018440083000,     0.000056113145100 ]
    - [    -0.000097190818285,     0.000056113145100,     0.033805335801077 ]
  - # (4, 3)
    - [    -0.208599913387416,     0.000000000000000,     0.000000000000000 ]
    - [     0.000000000000000,     0.033725979830250,    -0.000112226290199 ]
    - [     0.000000000000000,    -0.000112226290199,     0.033805335801077 ]
  - # (4, 4)
    - [     1.085744499764018,    -0.000000000000001,    -0.000000000000000 ]
    - [    -0.000000000000001,     1.085744499764019,    -0.000000000000001 ]
    - [    -0.000000000000000,    -0.000000000000001,     1.085744499764018 ]
  - # (4, 5)
    - [    -0.028843742725826,    -0.000000000000000,    -0.000000000000000 ]
    - [    -0.000000000000000,    -0.028843742725826,     0.000000000000000 ]
    - [    -0.000000000000000,     0.000000000000000,    -0.028843742725826 ]
  - # (4, 6)
    - [     0.033884691771904,    -0.000000000000000,    -0.000000000000000 ]
    - [    -0.000000000000000,    -0.047102221889523,     0.114196112804133 ]
    - [    -0.000000000000000,     0.114196112804133,    -0.127851067638470 ]
  - # (4, 7)
    - [    -0.026855493474166,     0.035068362302447,     0.098896734701813 ]
    - [     0.035068362302447,     0.013637963356547,    -0.057098056402067 ]
    - [     0.098896734701813,    -0.057098056402067,    -0.127851067638470 ]
  - # (4, 8)
    - [    -0.026855493474166,    -0.035068362302447,    -0.098896734701813 ]
    - [    -0.035068362302447,     0.013637963356547,    -0.057098056402067 ]
