phonopy:
  version: "2.37.1"
  frequency_unit_conversion_factor: 15.633302
  symmetry_tolerance: 1.00000e-05

space_group:
  type: "Fm-3m"
  number: 225
  Hall_symbol: "-F 4 2 3"

primitive_matrix:
- [  0.000000000000000,  1.000000000000000,  0.000000000000000 ]
- [  0.000000000000000,  0.000000000000000,  1.000000000000000 ]
- [  1.000000000000000,  0.000000000000000,  0.000000000000000 ]

supercell_matrix:
- [   3,   0,   0 ]
- [   0,   3,   0 ]
- [   0,   0,   3 ]

primitive_cell:
  lattice:
  - [     1.701769850000000,     0.982517280996289,     2.778978528101778 ] # a
  - [     3.403539700000001,     0.000000000000000,     0.000000000000000 ] # b
  - [     1.701769850000000,     2.947551842988867,     0.000000000000000 ] # c
  points:
  - symbol: Sn # 1
    coordinates: [  0.000000000000000,  0.000000000000000,  0.000000000000000 ]
    mass: 118.710000
  reciprocal_lattice: # without 2pi
  - [     0.000000000000000,     0.000000000000000,     0.359844449997627 ] # a*
  - [     0.293811763088881,    -0.169632300510444,    -0.119948149999209 ] # b*
  - [     0.000000000000000,     0.339264601020888,    -0.119948149999209 ] # c*

unit_cell:
  lattice:
  - [     3.403539700000000,     0.000000000000000,     0.000000000000000 ] # a
  - [     1.701769850000000,     2.947551842988867,     0.000000000000000 ] # b
  - [     1.701769850000000,     0.982517280996289,     2.778978528101778 ] # c
  points:
  - symbol: Sn # 1
    coordinates: [  0.000000000000000,  0.000000000000000,  0.000000000000000 ]
    mass: 118.710000
    reduced_to: 1

supercell:
  lattice:
  - [    10.210619100000001,     0.000000000000000,     0.000000000000000 ] # a
  - [     5.105309550000001,     8.842655528966601,     0.000000000000000 ] # b
  - [     5.105309550000001,     2.947551842988868,     8.336935584305335 ] # c
  points:
  - symbol: Sn # 1
    coordinates: [  0.000000000000000,  0.000000000000000,  0.000000000000000 ]
    mass: 118.710000
    reduced_to: 1
  - symbol: Sn # 2
    coordinates: [  0.333333333333333,  0.000000000000000,  0.000000000000000 ]
    mass: 118.710000
    reduced_to: 1
  - symbol: Sn # 3
    coordinates: [  0.666666666666667,  0.000000000000000,  0.000000000000000 ]
    mass: 118.710000
    reduced_to: 1
  - symbol: Sn # 4
    coordinates: [  0.000000000000000,  0.333333333333333,  0.000000000000000 ]
    mass: 118.710000
    reduced_to: 1
  - symbol: Sn # 5
    coordinates: [  0.333333333333333,  0.333333333333333,  0.000000000000000 ]
    mass: 118.710000
    reduced_to: 1
  - symbol: Sn # 6
    coordinates: [  0.666666666666667,  0.333333333333333,  0.000000000000000 ]
    mass: 118.710000
    reduced_to: 1
  - symbol: Sn # 7
    coordinates: [  0.000000000000000,  0.666666666666667,  0.000000000000000 ]
    mass: 118.710000
    reduced_to: 1
  - symbol: Sn # 8
    coordinates: [  0.333333333333333,  0.666666666666667,  0.000000000000000 ]
    mass: 118.710000
    reduced_to: 1
  - symbol: Sn # 9
    coordinates: [  0.666666666666667,  0.666666666666667,  0.000000000000000 ]
    mass: 118.710000
    reduced_to: 1
  - symbol: Sn # 10
    coordinates: [  0.000000000000000,  0.000000000000000,  0.333333333333333 ]
    mass: 118.710000
    reduced_to: 1
  - symbol: Sn # 11
    coordinates: [  0.333333333333333,  0.000000000000000,  0.333333333333333 ]
    mass: 118.710000
    reduced_to: 1
  - symbol: Sn # 12
    coordinates: [  0.666666666666667,  0.000000000000000,  0.333333333333333 ]
    mass: 118.710000
    reduced_to: 1
  - symbol: Sn # 13
    coordinates: [  0.000000000000000,  0.333333333333333,  0.333333333333333 ]
    mass: 118.710000
    reduced_to: 1
  - symbol: Sn # 14
    coordinates: [  0.333333333333333,  0.333333333333333,  0.333333333333333 ]
    mass: 118.710000
    reduced_to: 1
  - symbol: Sn # 15
    coordinates: [  0.666666666666667,  0.333333333333333,  0.333333333333333 ]
    mass: 118.710000
    reduced_to: 1
  - symbol: Sn # 16
    coordinates: [  0.000000000000000,  0.666666666666667,  0.333333333333333 ]
    mass: 118.710000
    reduced_to: 1
  - symbol: Sn # 17
    coordinates: [  0.333333333333333,  0.666666666666667,  0.333333333333333 ]
    mass: 118.710000
    reduced_to: 1
  - symbol: Sn # 18
    coordinates: [  0.666666666666667,  0.666666666666667,  0.333333333333333 ]
    mass: 118.710000
    reduced_to: 1
  - symbol: Sn # 19
    coordinates: [  0.000000000000000,  0.000000000000000,  0.666666666666667 ]
    mass: 118.710000
    reduced_to: 1
  - symbol: Sn # 20
    coordinates: [  0.333333333333333,  0.000000000000000,  0.666666666666667 ]
    mass: 118.710000
    reduced_to: 1
  - symbol: Sn # 21
    coordinates: [  0.666666666666667,  0.000000000000000,  0.666666666666667 ]
    mass: 118.710000
    reduced_to: 1
  - symbol: Sn # 22
    coordinates: [  0.000000000000000,  0.333333333333333,  0.666666666666667 ]
    mass: 118.710000
    reduced_to: 1
  - symbol: Sn # 23
    coordinates: [  0.333333333333333,  0.333333333333333,  0.666666666666667 ]
    mass: 118.710000
    reduced_to: 1
  - symbol: Sn # 24
    coordinates: [  0.666666666666667,  0.333333333333333,  0.666666666666667 ]
    mass: 118.710000
    reduced_to: 1
  - symbol: Sn # 25
    coordinates: [  0.000000000000000,  0.666666666666667,  0.666666666666667 ]
    mass: 118.710000
    reduced_to: 1
  - symbol: Sn # 26
    coordinates: [  0.333333333333333,  0.666666666666667,  0.666666666666667 ]
    mass: 118.710000
    reduced_to: 1
  - symbol: Sn # 27
    coordinates: [  0.666666666666667,  0.666666666666667,  0.666666666666667 ]
    mass: 118.710000
    reduced_to: 1

displacements:
- atom:    1
  displacement:
    [   0.0100000000000000,  0.0000000000000000,  0.0000000000000000 ]
  forces:
  - [  -0.0104366345331073,  0.0000012365635484, -0.0000004800967872 ]
  - [   0.0030676079913974, -0.0000004002795322,  0.0000003615423338 ]
  - [   0.0029268101789057, -0.0000005379697541,  0.0000002555534593 ]
  - [   0.0003162557259202,  0.0015654189046472, -0.0001685274619376 ]
  - [   0.0006105701904744,  0.0000021019950509, -0.0000003253444447 ]
  - [   0.0003080387832597, -0.0015336202923208,  0.0001667236065259 ]
  - [   0.0003083257470280,  0.0015338441589847, -0.0001665500021772 ]
  - [   0.0003159835468978, -0.0015653341542929,  0.0001687020703685 ]
  - [   0.0006106656510383, -0.0000019719591364,  0.0000006146728992 ]
  - [   0.0003160489723086,  0.0003628223203123,  0.0015326128341258 ]
  - [   0.0006106195505708,  0.0000001450534910,  0.0000025855842978 ]
  - [   0.0003081624163315, -0.0003540413454175, -0.0015010740607977 ]
  - [   0.0002328678965569,  0.0002184603363276,  0.0001539043150842 ]
  - [   0.0002329126000404, -0.0002174801193178, -0.0001543164253235 ]
  - [  -0.0003456104313955,  0.0000007897615433,  0.0000001448206604 ]
  - [  -0.0003086095675826,  0.0000008100178093, -0.0000014861579984 ]
  - [   0.0000199698843062, -0.0002112962538376,  0.0002980066929013 ]
  - [  -0.0000803009606898,  0.0001532438473077, -0.0002172336244257 ]
  - [   0.0003080957103521,  0.0003541577607393,  0.0015014244709164 ]
  - [   0.0003161134663969, -0.0003629229031503, -0.0015322500839829 ]
  - [   0.0006104826461524, -0.0000001643784344, -0.0000022495260055 ]
  - [  -0.0003082873299718, -0.0000012232922018,  0.0000024607543310 ]
  - [   0.0000197568442672,  0.0002115177921951, -0.0002977798867505 ]
  - [  -0.0000797545071691, -0.0001530745066702,  0.0002177169080824 ]
  - [   0.0002326117828488,  0.0002175632689614,  0.0001533797330922 ]
  - [  -0.0003456473350525, -0.0000015919868019, -0.0000015469559003 ]
  - [   0.0002329414710402, -0.0002184548502555, -0.0001550775923533 ]

force_constants:
  format: "full"
  shape: [ 27, 27 ]
  elements:
  - # (1, 1)
    - [     1.043663439944525,     0.000000000000000,     0.000000000000000 ]
    - [     0.000000000000000,     1.043663439944525,     0.000000000000000 ]
    - [     0.000000000000000,     0.000000000000000,     1.043663439944525 ]
  - # (1, 2)
    - [    -0.299663592094895,     0.000000000000000,     0.000000000000000 ]
    - [     0.000000000000000,     0.058246105183003,     0.019363835512696 ]
    - [     0.000000000000000,     0.019363835512695,     0.044553805782195 ]
  - # (1, 3)
    - [    -0.299663592094895,     0.000000000000000,     0.000000000000000 ]
    - [     0.000000000000000,     0.058246105183003,     0.019363835512696 ]
    - [     0.000000000000000,     0.019363835512695,     0.044553805782195 ]
  - # (1, 4)
    - [    -0.031231319136472,    -0.154979445051729,     0.016769573468698 ]
    - [    -0.154979445051729,    -0.210186167775420,    -0.009681917756348 ]
    - [     0.016769573468698,    -0.009681917756348,     0.044553805782195 ]
  - # (1, 5)
    - [    -0.061054478574542,     0.000000000000000,    -0.000000000000000 ]
    - [     0.000000000000000,    -0.061054478574542,     0.000000000000000 ]
    - [     0.000000000000000,     0.000000000000000,    -0.004403775026612 ]
  - # (1, 6)
    - [    -0.031231319136472,     0.154979445051729,    -0.016769573468698 ]
    - [     0.154979445051729,    -0.210186167775420,    -0.009681917756348 ]
    - [    -0.016769573468698,    -0.009681917756348,     0.044553805782195 ]
  - # (1, 7)
    - [    -0.031231319136472,    -0.154979445051729,     0.016769573468698 ]
    - [    -0.154979445051729,    -0.210186167775420,    -0.009681917756348 ]
    - [     0.016769573468698,    -0.009681917756348,     0.044553805782195 ]
  - # (1, 8)
    - [    -0.031231319136472,     0.154979445051729,    -0.016769573468698 ]
    - [     0.154979445051729,    -0.210186167775420,    -0.009681917756348 ]
    - [    -0.016769573468698,    -0.009681917756348,     0.044553805782195 ]
  - # (1, 9)
    - [    -0.061054478574542,     0.000000000000000,    -0.000000000000000 ]
    - [     0.000000000000000,    -0.061054478574542,     0.000000000000000 ]
    - [     0.000000000000000,     0.000000000000000,    -0.004403775026612 ]
  - # (1, 10)
    - [    -0.031231319136472,    -0.035849309527480,    -0.151705879877039 ]
    - [    -0.035849309527480,     0.010163897875434,    -0.087587430584658 ]
    - [    -0.151705879877039,    -0.087587430584658,    -0.175796259868660 ]
  - # (1, 11)
    - [    -0.061054478574542,     0.000000000000000,     0.000000000000000 ]
    - [     0.000000000000000,    -0.010698297643049,    -0.017803598505658 ]
    - [     0.000000000000000,    -0.017803598505658,    -0.054759955958105 ]
  - # (1, 12)
    - [    -0.031231319136472,     0.035849309527480,     0.151705879877039 ]
    - [     0.035849309527480,     0.010163897875434,    -0.087587430584658 ]
    - [     0.151705879877039,    -0.087587430584658,    -0.175796259868660 ]
  - # (1, 13)
    - [    -0.023287342875922,    -0.021804865962119,    -0.015418368584678 ]
    - [    -0.021804865962119,    -0.048465433341669,     0.008901799252829 ]
    - [    -0.015418368584678,     0.008901799252829,    -0.054759955958105 ]
  - # (1, 14)
    - [    -0.023287342875922,     0.021804865962119,     0.015418368584678 ]
    - [     0.021804865962119,    -0.048465433341669,     0.008901799252829 ]
    - [     0.015418368584678,     0.008901799252829,    -0.054759955958105 ]
  - # (1, 15)
    - [     0.034567516477750,    -0.000000000000000,    -0.000000000000000 ]
    - [    -0.000000000000000,    -0.007514659685709,    -0.029756592132269 ]
    - [    -0.000000000000000,    -0.029756592132269,     0.013526428396020 ]
  - # (1, 16)
    - [     0.030861506381387,    -0.000000000000000,     0.000000000000000 ]
    - [     0.000000000000000,    -0.051928927642425,     0.175174861169316 ]
    - [     0.000000000000000,     0.175174861169316,    -0.175796259868660 ]
  - # (1, 17)
    - [     0.003005884355155,     0.018222116802044,    -0.025769964716597 ]
    - [     0.018222116802044,     0.024046972436885,     0.014878296066135 ]
    - [    -0.025769964716597,     0.014878296066135,     0.013526428396020 ]
  - # (1, 18)
    - [     0.003005884355155,    -0.018222116802044,     0.025769964716597 ]
    - [    -0.018222116802044,     0.024046972436885,     0.014878296066135 ]
    - [     0.025769964716597,     0.014878296066135,     0.013526428396020 ]
  - # (1, 19)
    - [    -0.031231319136472,    -0.035849309527480,    -0.151705879877039 ]
    - [    -0.035849309527480,     0.010163897875434,    -0.087587430584658 ]
    - [    -0.151705879877039,    -0.087587430584658,    -0.175796259868660 ]
  - # (1, 20)
    - [    -0.031231319136472,     0.035849309527480,     0.151705879877039 ]
    - [     0.035849309527480,     0.010163897875434,    -0.087587430584658 ]
    - [     0.151705879877039,    -0.087587430584658,    -0.175796259868660 ]
  - # (1, 21)
    - [    -0.061054478574542,     0.000000000000000,     0.000000000000000 ]
    - [     0.000000000000000,    -0.010698297643049,    -0.017803598505658 ]
    - [     0.000000000000000,    -0.017803598505658,    -0.054759955958105 ]
  - # (1, 22)
    - [     0.030861506381387,    -0.000000000000000,     0.000000000000000 ]
    - [     0.000000000000000,    -0.051928927642425,     0.175174861169316 ]
    - [     0.000000000000000,     0.175174861169316,    -0.175796259868660 ]
  - # (1, 23)
    - [     0.003005884355155,    -0.018222116802044,     0.025769964716597 ]
    - [    -0.018222116802044,     0.024046972436885,     0.014878296066135 ]
    - [     0.025769964716597,     0.014878296066135,     0.013526428396020 ]
  - # (1, 24)
    - [     0.003005884355155,     0.018222116802044,    -0.025769964716597 ]
    - [     0.018222116802044,     0.024046972436885,     0.014878296066135 ]
    - [    -0.025769964716597,     0.014878296066135,     0.013526428396020 ]
  - # (1, 25)
    - [    -0.023287342875922,    -0.021804865962119,    -0.015418368584678 ]
    - [    -0.021804865962119,    -0.048465433341669,     0.008901799252829 ]
    - [    -0.015418368584678,     0.008901799252829,    -0.054759955958105 ]
  - # (1, 26)
    - [     0.034567516477750,    -0.000000000000000,    -0.000000000000000 ]
    - [    -0.000000000000000,    -0.007514659685709,    -0.029756592132269 ]
    - [    -0.000000000000000,    -0.029756592132269,     0.013526428396020 ]
  - # (1, 27)
    - [    -0.023287342875922,     0.021804865962119,     0.015418368584678 ]
    - [     0.021804865962119,    -0.048465433341669,     0.008901799252829 ]
    - [     0.015418368584678,     0.008901799252829,    -0.054759955958105 ]
  - # (2, 1)
    - [    -0.299663592094895,     0.000000000000000,     0.000000000000000 ]
    - [     0.000000000000000,     0.058246105183003,     0.019363835512695 ]
    - [     0.000000000000000,     0.019363835512696,     0.044553805782195 ]
  - # (2, 2)
    - [     1.043663439944525,    -0.000000000000000,    -0.000000000000000 ]
    - [    -0.000000000000000,     1.043663439944525,    -0.000000000000000 ]
    - [    -0.000000000000000,    -0.000000000000000,     1.043663439944525 ]
  - # (2, 3)
    - [    -0.299663592094895,     0.000000000000000,     0.000000000000000 ]
    - [     0.000000000000000,     0.058246105183003,     0.019363835512695 ]
    - [     0.000000000000000,     0.019363835512695,     0.044553805782195 ]
  - # (2, 4)
    - [    -0.031231319136472,     0.154979445051729,    -0.016769573468698 ]
    - [     0.154979445051729,    -0.210186167775420,    -0.009681917756348 ]
    - [    -0.016769573468698,    -0.009681917756348,     0.044553805782195 ]
  - # (2, 5)
    - [    -0.031231319136472,    -0.154979445051729,     0.016769573468698 ]
    - [    -0.154979445051729,    -0.210186167775420,    -0.009681917756348 ]
    - [     0.016769573468698,    -0.009681917756348,     0.044553805782195 ]
  - # (2, 6)
    - [    -0.061054478574542,     0.000000000000000,     0.000000000000000 ]
    - [     0.000000000000000,    -0.061054478574542,     0.000000000000000 ]
    - [     0.000000000000000,     0.000000000000000,    -0.004403775026612 ]
  - # (2, 7)
    - [    -0.061054478574542,     0.000000000000000,     0.000000000000000 ]
    - [     0.000000000000000,    -0.061054478574542,    -0.000000000000000 ]
    - [     0.000000000000000,     0.000000000000000,    -0.004403775026612 ]
  - # (2, 8)
    - [    -0.031231319136472,    -0.154979445051729,     0.016769573468698 ]
    - [    -0.154979445051729,    -0.210186167775420,    -0.009681917756348 ]
    - [     0.016769573468698,    -0.009681917756348,     0.044553805782195 ]
  - # (2, 9)
    - [    -0.031231319136472,     0.154979445051729,    -0.016769573468698 ]
    - [     0.154979445051729,    -0.210186167775421,    -0.009681917756348 ]
    - [    -0.016769573468698,    -0.009681917756348,     0.044553805782195 ]
  - # (2, 10)
    - [    -0.031231319136472,     0.035849309527480,     0.151705879877039 ]
    - [     0.035849309527480,     0.010163897875434,    -0.087587430584658 ]
    - [     0.151705879877039,    -0.087587430584658,    -0.175796259868660 ]
  - # (2, 11)
    - [    -0.031231319136472,    -0.035849309527480,    -0.151705879877039 ]
    - [    -0.035849309527480,     0.010163897875434,    -0.087587430584658 ]
    - [    -0.151705879877039,    -0.087587430584658,    -0.175796259868659 ]
  - # (2, 12)
    - [    -0.061054478574542,     0.000000000000000,     0.000000000000000 ]
    - [     0.000000000000000,    -0.010698297643049,    -0.017803598505658 ]
    - [     0.000000000000000,    -0.017803598505658,    -0.054759955958105 ]
  - # (2, 13)
    - [     0.034567516477750,    -0.000000000000000,     0.000000000000000 ]
    - [    -0.000000000000000,    -0.007514659685709,    -0.029756592132269 ]
    - [    -0.000000000000000,    -0.029756592132269,     0.013526428396020 ]
  - # (2, 14)
    - [    -0.023287342875922,    -0.021804865962119,    -0.015418368584678 ]
    - [    -0.021804865962119,    -0.048465433341669,     0.008901799252829 ]
    - [    -0.015418368584678,     0.008901799252829,    -0.054759955958105 ]
  - # (2, 15)
    - [    -0.023287342875922,     0.021804865962119,     0.015418368584678 ]
    - [     0.021804865962119,    -0.048465433341669,     0.008901799252829 ]
    - [     0.015418368584678,     0.008901799252829,    -0.054759955958105 ]
  - # (2, 16)
    - [     0.003005884355155,    -0.018222116802044,     0.025769964716597 ]
    - [    -0.018222116802044,     0.024046972436885,     0.014878296066135 ]
    - [     0.025769964716597,     0.014878296066135,     0.013526428396020 ]
  - # (2, 17)
    - [     0.030861506381387,     0.000000000000000,    -0.000000000000000 ]
    - [    -0.000000000000000,    -0.051928927642425,     0.175174861169316 ]
    - [     0.000000000000000,     0.175174861169316,    -0.175796259868660 ]
  - # (2, 18)
    - [     0.003005884355155,     0.018222116802044,    -0.025769964716597 ]
    - [     0.018222116802044,     0.024046972436885,     0.014878296066135 ]
    - [    -0.025769964716597,     0.014878296066135,     0.013526428396020 ]
  - # (2, 19)
    - [    -0.061054478574542,     0.000000000000000,     0.000000000000000 ]
    - [     0.000000000000000,    -0.010698297643049,    -0.017803598505658 ]
    - [     0.000000000000000,    -0.017803598505658,    -0.054759955958105 ]
  - # (2, 20)
    - [    -0.031231319136472,    -0.035849309527480,    -0.151705879877039 ]
    - [    -0.035849309527480,     0.010163897875434,    -0.087587430584658 ]
    - [    -0.151705879877039,    -0.087587430584658,    -0.175796259868659 ]
  - # (2, 21)
    - [    -0.031231319136472,     0.035849309527480,     0.151705879877039 ]
    - [     0.035849309527480,     0.010163897875434,    -0.087587430584658 ]
    - [     0.151705879877039,    -0.087587430584658,    -0.175796259868660 ]
  - # (2, 22)
    - [     0.003005884355155,     0.018222116802044,    -0.025769964716597 ]
    - [     0.018222116802044,     0.024046972436885,     0.014878296066135 ]
    - [    -0.025769964716597,     0.014878296066135,     0.013526428396020 ]
  - # (2, 23)
    - [     0.030861506381387,     0.000000000000000,    -0.000000000000000 ]
    - [     0.000000000000000,    -0.051928927642425,     0.175174861169316 ]
    - [    -0.000000000000000,     0.175174861169316,    -0.175796259868660 ]
  - # (2, 24)
    - [     0.003005884355155,    -0.018222116802044,     0.025769964716597 ]
    - [    -0.018222116802044,     0.024046972436885,     0.014878296066135 ]
    - [     0.025769964716597,     0.014878296066135,     0.013526428396020 ]
  - # (2, 25)
    - [    -0.023287342875922,     0.021804865962119,     0.015418368584678 ]
    - [     0.021804865962119,    -0.048465433341669,     0.008901799252829 ]
    - [     0.015418368584678,     0.008901799252829,    -0.054759955958105 ]
  - # (2, 26)
    - [    -0.023287342875922,    -0.021804865962119,    -0.015418368584678 ]
    - [    -0.021804865962119,    -0.048465433341669,     0.008901799252829 ]
    - [    -0.015418368584678,     0.008901799252829,    -0.054759955958105 ]
  - # (2, 27)
    - [     0.034567516477750,    -0.000000000000000,     0.000000000000000 ]
    - [     0.000000000000000,    -0.007514659685709,    -0.029756592132269 ]
    - [     0.000000000000000,    -0.029756592132269,     0.013526428396020 ]
  - # (3, 1)
    - [    -0.299663592094895,     0.000000000000000,     0.000000000000000 ]
    - [     0.000000000000000,     0.058246105183003,     0.019363835512695 ]
    - [     0.000000000000000,     0.019363835512696,     0.044553805782195 ]
  - # (3, 2)
    - [    -0.299663592094895,     0.000000000000000,     0.000000000000000 ]
    - [     0.000000000000000,     0.058246105183003,     0.019363835512695 ]
    - [     0.000000000000000,     0.019363835512695,     0.044553805782195 ]
  - # (3, 3)
    - [     1.043663439944525,    -0.000000000000000,    -0.000000000000000 ]
    - [    -0.000000000000000,     1.043663439944525,     0.000000000000000 ]
    - [    -0.000000000000000,     0.000000000000000,     1.043663439944524 ]
  - # (3, 4)
    - [    -0.061054478574542,     0.000000000000000,     0.000000000000000 ]
    - [     0.000000000000000,    -0.061054478574542,    -0.000000000000000 ]
    - [     0.000000000000000,     0.000000000000000,    -0.004403775026612 ]
  - # (3, 5)
    - [    -0.031231319136472,     0.154979445051729,    -0.016769573468698 ]
    - [     0.154979445051729,    -0.210186167775421,    -0.009681917756348 ]
    - [    -0.016769573468698,    -0.009681917756348,     0.044553805782195 ]
  - # (3, 6)
    - [    -0.031231319136472,    -0.154979445051729,     0.016769573468698 ]
    - [    -0.154979445051729,    -0.210186167775420,    -0.009681917756348 ]
    - [     0.016769573468698,    -0.009681917756348,     0.044553805782195 ]
  - # (3, 7)
    - [    -0.031231319136472,     0.154979445051729,    -0.016769573468698 ]
    - [     0.154979445051729,    -0.210186167775420,    -0.009681917756348 ]
    - [    -0.016769573468698,    -0.009681917756348,     0.044553805782195 ]
  - # (3, 8)
    - [    -0.061054478574542,     0.000000000000000,     0.000000000000000 ]
    - [     0.000000000000000,    -0.061054478574542,     0.000000000000000 ]
    - [     0.000000000000000,     0.000000000000000,    -0.004403775026612 ]
  - # (3, 9)
    - [    -0.031231319136472,    -0.154979445051729,     0.016769573468698 ]
    - [    -0.154979445051729,    -0.210186167775420,    -0.009681917756348 ]
    - [     0.016769573468698,    -0.009681917756348,     0.044553805782195 ]
  - # (3, 10)
    - [    -0.061054478574542,     0.000000000000000,     0.000000000000000 ]
    - [     0.000000000000000,    -0.010698297643049,    -0.017803598505658 ]
    - [     0.000000000000000,    -0.017803598505658,    -0.054759955958105 ]
  - # (3, 11)
    - [    -0.031231319136472,     0.035849309527480,     0.151705879877039 ]
    - [     0.035849309527480,     0.010163897875434,    -0.087587430584658 ]
    - [     0.151705879877039,    -0.087587430584658,    -0.175796259868660 ]
  - # (3, 12)
    - [    -0.031231319136472,    -0.035849309527480,    -0.151705879877039 ]
    - [    -0.035849309527480,     0.010163897875434,    -0.087587430584658 ]
    - [    -0.151705879877039,    -0.087587430584658,    -0.175796259868659 ]
  - # (3, 13)
    - [    -0.023287342875922,     0.021804865962119,     0.015418368584678 ]
    - [     0.021804865962119,    -0.048465433341669,     0.008901799252829 ]
    - [     0.015418368584678,     0.008901799252829,    -0.054759955958105 ]
  - # (3, 14)
    - [     0.034567516477750,     0.000000000000000,     0.000000000000000 ]
    - [     0.000000000000000,    -0.007514659685709,    -0.029756592132269 ]
    - [     0.000000000000000,    -0.029756592132269,     0.013526428396020 ]
  - # (3, 15)
    - [    -0.023287342875922,    -0.021804865962119,    -0.015418368584678 ]
    - [    -0.021804865962119,    -0.048465433341669,     0.008901799252829 ]
    - [    -0.015418368584678,     0.008901799252829,    -0.054759955958105 ]
  - # (3, 16)
    - [     0.003005884355155,     0.018222116802044,    -0.025769964716597 ]
    - [     0.018222116802044,     0.024046972436885,     0.014878296066135 ]
    - [    -0.025769964716597,     0.014878296066135,     0.013526428396020 ]
  - # (3, 17)
    - [     0.003005884355155,    -0.018222116802044,     0.025769964716597 ]
    - [    -0.018222116802044,     0.024046972436885,     0.014878296066135 ]
    - [     0.025769964716597,     0.014878296066135,     0.013526428396020 ]
  - # (3, 18)
    - [     0.030861506381387,     0.000000000000000,    -0.000000000000000 ]
    - [     0.000000000000000,    -0.051928927642425,     0.175174861169316 ]
    - [    -0.000000000000000,     0.175174861169316,    -0.175796259868660 ]
  - # (3, 19)
    - [    -0.031231319136472,     0.035849309527480,     0.151705879877039 ]
    - [     0.035849309527480,     0.010163897875434,    -0.087587430584658 ]
    - [     0.151705879877039,    -0.087587430584658,    -0.175796259868660 ]
  - # (3, 20)
    - [    -0.061054478574542,     0.000000000000000,     0.000000000000000 ]
    - [     0.000000000000000,    -0.010698297643049,    -0.017803598505658 ]
    - [     0.000000000000000,    -0.017803598505658,    -0.054759955958105 ]
  - # (3, 21)
    - [    -0.031231319136472,    -0.035849309527480,    -0.151705879877039 ]
    - [    -0.035849309527480,     0.010163897875434,    -0.087587430584658 ]
    - [    -0.151705879877039,    -0.087587430584658,    -0.175796259868659 ]
  - # (3, 22)
    - [     0.003005884355155,    -0.018222116802044,     0.025769964716597 ]
    - [    -0.018222116802044,     0.024046972436885,     0.014878296066135 ]
    - [     0.025769964716597,     0.014878296066135,     0.013526428396020 ]
  - # (3, 23)
    - [     0.003005884355155,     0.018222116802044,    -0.025769964716597 ]
    - [     0.018222116802044,     0.024046972436885,     0.014878296066135 ]
    - [    -0.025769964716597,     0.014878296066135,     0.013526428396020 ]
  - # (3, 24)
    - [     0.030861506381387,     0.000000000000000,    -0.000000000000000 ]
    - [    -0.000000000000000,    -0.051928927642425,     0.175174861169316 ]
    - [     0.000000000000000,     0.175174861169316,    -0.175796259868660 ]
  - # (3, 25)
    - [     0.034567516477750,    -0.000000000000000,    -0.000000000000000 ]
    - [    -0.000000000000000,    -0.007514659685709,    -0.029756592132269 ]
    - [    -0.000000000000000,    -0.029756592132269,     0.013526428396020 ]
  - # (3, 26)
    - [    -0.023287342875922,     0.021804865962119,     0.015418368584678 ]
    - [     0.021804865962119,    -0.048465433341669,     0.008901799252829 ]
    - [     0.015418368584678,     0.008901799252829,    -0.054759955958105 ]
  - # (3, 27)
    - [    -0.023287342875922,    -0.021804865962119,    -0.015418368584678 ]
    - [    -0.021804865962119,    -0.048465433341669,     0.008901799252829 ]
    - [    -0.015418368584678,     0.008901799252829,    -0.054759955958105 ]
  - # (4, 1)
    - [    -0.031231319136472,    -0.154979445051729,     0.016769573468698 ]
    - [    -0.154979445051729,    -0.210186167775420,    -0.009681917756348 ]
    - [     0.016769573468698,    -0.009681917756348,     0.044553805782195 ]
  - # (4, 2)
    - [    -0.031231319136472,     0.154979445051729,    -0.016769573468698 ]
    - [     0.154979445051729,    -0.210186167775420,    -0.009681917756348 ]
    - [    -0.016769573468698,    -0.009681917756348,     0.044553805782195 ]
  - # (4, 3)
    - [    -0.061054478574542,     0.000000000000000,     0.000000000000000 ]
    - [     0.000000000000000,    -0.061054478574542,     0.000000000000000 ]
    - [     0.000000000000000,    -0.000000000000000,    -0.004403775026612 ]
  - # (4, 4)
    - [     1.043663439944525,     0.000000000000000,     0.000000000000000 ]
    - [     0.000000000000000,     1.043663439944525,     0.000000000000000 ]
    - [     0.000000000000000,     0.000000000000000,     1.043663439944525 ]
  - # (4, 5)
    - [    -0.299663592094895,     0.000000000000000,     0.000000000000000 ]
    - [     0.000000000000000,     0.058246105183003,     0.019363835512695 ]
    - [     0.000000000000000,     0.019363835512695,     0.044553805782195 ]
  - # (4, 6)
    - [    -0.299663592094895,     0.000000000000000,     0.000000000000000 ]
    - [     0.000000000000000,     0.058246105183003,     0.019363835512695 ]
    - [     0.000000000000000,     0.019363835512695,     0.044553805782195 ]
  - # (4, 7)
    - [    -0.031231319136472,    -0.154979445051729,     0.016769573468698 ]
    - [    -0.154979445051729,    -0.210186167775420,    -0.009681917756348 ]
    - [     0.016769573468698,    -0.009681917756348,     0.044553805782195 ]
  - # (4, 8)
    - [    -0.061054478574542,    -0.000000000000000,    -0.000000000000000 ]
    - [    -0.000000000000000,    -0.061054478574542,     0.000000000000000 ]
    - [     0.000000000000000,    -0.000000000000000,    -0.004403775026612 ]
  - # (4, 9)
    - [    -0.031231319136472,     0.154979445051729,    -0.016769573468698 ]
    - [     0.154979445051729,    -0.210186167775420,    -0.009681917756348 ]
    - [    -0.016769573468698,    -0.009681917756348,     0.044553805782195 ]
  - # (4, 10)
    - [     0.030861506381387,     0.000000000000000,     0.000000000000000 ]
    - [    -0.000000000000000,    -0.051928927642424,     0.175174861169316 ]
    - [     0.000000000000000,     0.175174861169316,    -0.175796259868660 ]
  - # (4, 11)
    - [     0.003005884355155,     0.018222116802044,    -0.025769964716597 ]
    - [     0.018222116802044,     0.024046972436885,     0.014878296066135 ]
    - [    -0.025769964716597,     0.014878296066135,     0.013526428396020 ]
  - # (4, 12)
    - [     0.003005884355155,    -0.018222116802044,     0.025769964716597 ]
    - [    -0.018222116802044,     0.024046972436885,     0.014878296066135 ]
    - [     0.025769964716597,     0.014878296066135,     0.013526428396020 ]
  - # (4, 13)
    - [    -0.031231319136472,    -0.035849309527480,    -0.151705879877040 ]
    - [    -0.035849309527480,     0.010163897875434,    -0.087587430584658 ]
    - [    -0.151705879877040,    -0.087587430584658,    -0.175796259868660 ]
  - # (4, 14)
    - [    -0.061054478574542,     0.000000000000000,     0.000000000000000 ]
    - [     0.000000000000000,    -0.010698297643049,    -0.017803598505658 ]
    - [    -0.000000000000000,    -0.017803598505658,    -0.054759955958105 ]
  - # (4, 15)
    - [    -0.031231319136472,     0.035849309527480,     0.151705879877039 ]
    - [     0.035849309527480,     0.010163897875434,    -0.087587430584658 ]
    - [     0.151705879877039,    -0.087587430584658,    -0.175796259868660 ]
  - # (4, 16)
    - [    -0.023287342875922,    -0.021804865962119,    -0.015418368584678 ]
    - [    -0.021804865962119,    -0.048465433341669,     0.008901799252829 ]
    - [    -0.015418368584678,     0.008901799252829,    -0.054759955958105 ]
  - # (4, 17)
    - [    -0.023287342875922,     0.021804865962119,     0.015418368584678 ]
    - [     0.021804865962119,    -0.048465433341669,     0.008901799252829 ]
    - [     0.015418368584678,     0.008901799252829,    -0.054759955958105 ]
  - # (4, 18)
    - [     0.034567516477750,    -0.000000000000000,    -0.000000000000000 ]
    - [    -0.000000000000000,    -0.007514659685709,    -0.029756592132269 ]
    - [     0.000000000000000,    -0.029756592132269,     0.013526428396020 ]
  - # (4, 19)
    - [    -0.023287342875922,    -0.021804865962119,    -0.015418368584678 ]
    - [    -0.021804865962119,    -0.048465433341669,     0.008901799252829 ]
    - [    -0.015418368584678,     0.008901799252829,    -0.054759955958105 ]
  - # (4, 20)
    - [     0.034567516477750,     0.000000000000000,    -0.000000000000000 ]
    - [    -0.000000000000000,    -0.007514659685709,    -0.029756592132269 ]
    - [     0.000000000000000,    -0.029756592132269,     0.013526428396020 ]
  - # (4, 21)
    - [    -0.023287342875922,     0.021804865962119,     0.015418368584678 ]
    - [     0.021804865962119,    -0.048465433341669,     0.008901799252829 ]
    - [     0.015418368584678,     0.008901799252829,    -0.054759955958105 ]
  - # (4, 22)
    - [    -0.031231319136472,    -0.035849309527480,    -0.151705879877040 ]
    - [    -0.035849309527480,     0.010163897875434,    -0.087587430584658 ]
    - [    -0.151705879877040,    -0.087587430584658,    -0.175796259868660 ]
  - # (4, 23)
    - [    -0.031231319136472,     0.035849309527480,     0.151705879877039 ]
    - [     0.035849309527480,     0.010163897875434,    -0.087587430584658 ]
    - [     0.151705879877039,    -0.087587430584658,    -0.175796259868660 ]
  - # (4, 24)
    - [    -0.061054478574542,    -0.000000000000000,    -0.000000000000000 ]
    - [    -0.000000000000000,    -0.010698297643049,    -0.017803598505658 ]
    - [    -0.000000000000000,    -0.017803598505658,    -0.054759955958105 ]
  - # (4, 25)
    - [     0.030861506381387,     0.000000000000000,     0.000000000000000 ]
    - [    -0.000000000000000,    -0.051928927642424,     0.175174861169316 ]
    - [     0.000000000000000,     0.175174861169316,    -0.175796259868660 ]
  - # (4, 26)
    - [     0.003005884355155,    -0.018222116802044,     0.025769964716597 ]
    - [    -0.018222116802044,     0.024046972436885,     0.014878296066135 ]
    - [     0.025769964716597,     0.014878296066135,     0.013526428396020 ]
  - # (4, 27)
    - [     0.003005884355155,     0.018222116802044,    -0.025769964716597 ]
    - [     0.018222116802044,     0.024046972436885,     0.014878296066135 ]
    - [    -0.025769964716597,     0.014878296066135,     0.013526428396020 ]
  - # (5, 1)
    - [    -0.061054478574542,     0.000000000000000,     0.000000000000000 ]
    - [     0.000000000000000,    -0.061054478574542,     0.000000000000000 ]
    - [    -0.000000000000000,     0.000000000000000,    -0.004403775026612 ]
  - # (5, 2)
    - [    -0.031231319136472,    -0.154979445051729,     0.016769573468698 ]
    - [    -0.154979445051729,    -0.210186167775420,    -0.009681917756348 ]
    - [     0.016769573468698,    -0.009681917756348,     0.044553805782195 ]
  - # (5, 3)
    - [    -0.031231319136472,     0.154979445051729,    -0.016769573468698 ]
    - [     0.154979445051729,    -0.210186167775421,    -0.009681917756348 ]
    - [    -0.016769573468698,    -0.009681917756348,     0.044553805782195 ]
  - # (5, 4)
    - [    -0.299663592094895,     0.000000000000000,     0.000000000000000 ]
    - [     0.000000000000000,     0.058246105183003,     0.019363835512695 ]
    - [     0.000000000000000,     0.019363835512695,     0.044553805782195 ]
  - # (5, 5)
    - [     1.043663439944524,    -0.000000000000000,    -0.000000000000000 ]
    - [    -0.000000000000000,     1.043663439944525,    -0.000000000000000 ]
    - [    -0.000000000000000,    -0.000000000000000,     1.043663439944525 ]
  - # (5, 6)
    - [    -0.299663592094895,     0.000000000000000,     0.000000000000000 ]
    - [     0.000000000000000,     0.058246105183003,     0.019363835512695 ]
    - [     0.000000000000000,     0.019363835512695,     0.044553805782195 ]
  - # (5, 7)
    - [    -0.031231319136472,     0.154979445051729,    -0.016769573468698 ]
    - [     0.154979445051729,    -0.210186167775420,    -0.009681917756348 ]
    - [    -0.016769573468698,    -0.009681917756348,     0.044553805782195 ]
  - # (5, 8)
    - [    -0.031231319136472,    -0.154979445051729,     0.016769573468698 ]
    - [    -0.154979445051729,    -0.210186167775420,    -0.009681917756348 ]
    - [     0.016769573468698,    -0.009681917756348,     0.044553805782195 ]
  - # (5, 9)
    - [    -0.061054478574542,     0.000000000000000,     0.000000000000000 ]
    - [     0.000000000000000,    -0.061054478574542,     0.000000000000000 ]
    - [     0.000000000000000,     0.000000000000000,    -0.004403775026612 ]
  - # (5, 10)
    - [     0.003005884355155,    -0.018222116802044,     0.025769964716597 ]
    - [    -0.018222116802044,     0.024046972436885,     0.014878296066135 ]
    - [     0.025769964716597,     0.014878296066135,     0.013526428396020 ]
  - # (5, 11)
    - [     0.030861506381387,    -0.000000000000000,     0.000000000000000 ]
    - [     0.000000000000000,    -0.051928927642425,     0.175174861169316 ]
    - [    -0.000000000000000,     0.175174861169316,    -0.175796259868660 ]
  - # (5, 12)
    - [     0.003005884355155,     0.018222116802044,    -0.025769964716597 ]
    - [     0.018222116802044,     0.024046972436885,     0.014878296066134 ]
    - [    -0.025769964716597,     0.014878296066135,     0.013526428396020 ]
  - # (5, 13)
    - [    -0.031231319136472,     0.035849309527480,     0.151705879877039 ]
    - [     0.035849309527480,     0.010163897875434,    -0.087587430584658 ]
    - [     0.151705879877039,    -0.087587430584658,    -0.175796259868660 ]
  - # (5, 14)
    - [    -0.031231319136472,    -0.035849309527480,    -0.151705879877039 ]
    - [    -0.035849309527480,     0.010163897875434,    -0.087587430584658 ]
    - [    -0.151705879877039,    -0.087587430584658,    -0.175796259868660 ]
  - # (5, 15)
    - [    -0.061054478574542,     0.000000000000000,     0.000000000000000 ]
    - [     0.000000000000000,    -0.010698297643049,    -0.017803598505658 ]
    - [    -0.000000000000000,    -0.017803598505658,    -0.054759955958105 ]
  - # (5, 16)
    - [     0.034567516477750,    -0.000000000000000,     0.000000000000000 ]
    - [     0.000000000000000,    -0.007514659685709,    -0.029756592132269 ]
    - [     0.000000000000000,    -0.029756592132269,     0.013526428396020 ]
  - # (5, 17)
    - [    -0.023287342875922,    -0.021804865962119,    -0.015418368584678 ]
    - [    -0.021804865962119,    -0.048465433341669,     0.008901799252829 ]
    - [    -0.015418368584678,     0.008901799252829,    -0.054759955958105 ]
  - # (5, 18)
    - [    -0.023287342875922,     0.021804865962119,     0.015418368584678 ]
    - [     0.021804865962119,    -0.048465433341669,     0.008901799252829 ]
    - [     0.015418368584678,     0.008901799252829,    -0.054759955958105 ]
  - # (5, 19)
    - [    -0.023287342875922,     0.021804865962119,     0.015418368584678 ]
    - [     0.021804865962119,    -0.048465433341669,     0.008901799252829 ]
    - [     0.015418368584678,     0.008901799252829,    -0.054759955958105 ]
  - # (5, 20)
    - [    -0.023287342875922,    -0.021804865962119,    -0.015418368584678 ]
    - [    -0.021804865962119,    -0.048465433341669,     0.008901799252829 ]
    - [    -0.015418368584678,     0.008901799252829,    -0.054759955958105 ]
  - # (5, 21)
    - [     0.034567516477750,    -0.000000000000000,    -0.000000000000000 ]
    - [    -0.000000000000000,    -0.007514659685709,    -0.029756592132269 ]
    - [    -0.000000000000000,    -0.029756592132269,     0.013526428396020 ]
  - # (5, 22)
    - [    -0.061054478574542,     0.000000000000000,     0.000000000000000 ]
    - [     0.000000000000000,    -0.010698297643049,    -0.017803598505658 ]
    - [     0.000000000000000,    -0.017803598505658,    -0.054759955958105 ]
  - # (5, 23)
    - [    -0.031231319136472,    -0.035849309527480,    -0.151705879877039 ]
